# stat 417 comp     1 type vel samp 8.000000 ndat 2695 s_x 12.600500 s_y 50.530499 s_z 0.528000 e_x 0.000000 e_y 0.000000 e_z 0.000000 start 2000-09-08 18:35:52.296001
-4.1375e-07
-2.15e-07
-2.3125e-08
2.15e-07
1.80625e-07
3.75e-09
-1.75e-08
-9.375e-09
1.41875e-07
3.6125e-07
4.4875e-07
3.23125e-07
3.23125e-07
9.125e-08
-4.29375e-07
-3.575e-07
-3.36875e-07
-1.325e-07
1.49375e-07
-2.45e-07
-3.6375e-07
-6.20625e-07
-6.9125e-07
-1.75e-07
5.8125e-08
4.59375e-07
6.1875e-07
4.20625e-07
3.9875e-07
3.26875e-07
2.7875e-07
1.70625e-07
1.075e-07
-1.03125e-07
-4.6e-07
-6.24375e-07
-8.91875e-07
-6.41875e-07
-5.9375e-08
9.75e-08
4.175e-07
3.6125e-07
4.375e-09
5.5e-08
-1.98125e-07
-1.925e-07
1.9375e-07
2.6875e-07
5.06875e-07
5.66875e-07
2.3875e-07
-1.30625e-07
-4.8e-07
-6.1125e-07
-6.4625e-07
-4.06875e-07
-8.75e-08
-4.8125e-08
3.625e-08
-7e-08
-1.28125e-07
5.5625e-08
2.14375e-07
5.15625e-07
4.1625e-07
7.1875e-08
-4e-08
-9.5e-08
6e-08
2.23125e-07
3.01875e-07
1.6625e-07
-1.38125e-07
-4.46875e-07
-8.09375e-07
-7.08125e-07
-4.41875e-07
-1.49375e-07
3.35e-07
4.18125e-07
3.19375e-07
2.41875e-07
2.30625e-07
2.9125e-07
1.7375e-07
1.54375e-07
4.1875e-08
-1.15e-07
-1.11875e-07
-2.975e-07
-2.99375e-07
-2.275e-07
-1.775e-07
1.675e-07
2.2625e-07
1.275e-07
-5e-08
-3.36875e-07
-2.21875e-07
-6.125e-08
2.125e-07
3.6375e-07
1.5125e-07
1.5625e-07
-1.14375e-07
-3.6625e-07
-2.10625e-07
-7.5e-08
2.475e-07
2.2e-07
-1.6875e-08
-2.625e-08
-1.95625e-07
-1.39375e-07
-3.5e-08
8.0625e-08
2.725e-07
3.3125e-08
-2.28125e-07
-3.93125e-07
-2.76875e-07
1.1875e-07
2.4125e-07
2.9125e-07
1.93125e-07
-4.3125e-08
-1.25625e-07
-2.53125e-07
-2.975e-07
-1.0625e-07
-2.1875e-08
-3.6875e-08
3.875e-08
1.1375e-07
2.04375e-07
2.75e-07
1.525e-07
-5.375e-08
-2.25e-07
-3.1625e-07
-1.5e-07
-1.375e-08
-4.625e-08
1.5e-08
-1.31875e-07
-1.61875e-07
1.95625e-07
2.9125e-07
2.475e-07
1.5625e-07
3.625e-08
-8.5625e-08
-1.86875e-07
-1.525e-07
-3.5e-07
-2.1875e-07
1.25e-09
-1.425e-07
-3.625e-08
-1.1625e-07
-9.5e-08
1.1125e-07
7e-08
1.98125e-07
2.2375e-07
2.46875e-07
3.61875e-07
1.6e-07
-9e-08
-1.0125e-07
-1.3375e-07
-2.9e-07
-3.63125e-07
-4.79375e-07
-3.825e-07
-1.5875e-07
-3.125e-08
2.6125e-07
3e-07
2.65625e-07
1.3e-07
-2.55625e-07
-1.7875e-07
-1.175e-07
-7.375e-08
3.45e-07
4.23125e-07
3.2125e-07
1.06875e-07
-3.05625e-07
-4.71875e-07
-5.08125e-07
-2.9125e-07
-4.1875e-08
3.5e-08
1.48125e-07
-1.80625e-07
-4.18125e-07
-1.68125e-07
9.8125e-08
4.125e-07
3.6125e-07
1.75e-07
1.31875e-07
-8.25e-08
-8.25e-08
-8.75e-08
-1.98125e-07
-9.125e-08
-7.375e-08
-1.5625e-07
-3.5e-07
-5.58125e-07
-4.35625e-07
-1.1375e-07
3.56875e-07
6.39375e-07
4.69375e-07
2.79375e-07
-2.875e-08
-2.64375e-07
-2.19375e-07
-3.6625e-07
-1.33125e-07
3.66875e-07
2.7875e-07
-1.75e-08
-4.75625e-07
-7.5875e-07
-3.825e-07
-1.8125e-08
3.15e-07
5.3875e-07
2.76875e-07
1.79375e-07
1.625e-07
-2.1125e-07
-4.34375e-07
-3.69375e-07
-2.40625e-07
-1.5625e-08
1.60625e-07
1.59375e-07
5.8125e-08
1.00625e-07
9.8125e-08
-2.13125e-07
-3.51875e-07
-4.45625e-07
-2.9125e-07
7.5625e-08
5.75e-08
2.775e-07
3.56875e-07
3.49375e-07
3.75e-07
-9.4375e-08
-3.45625e-07
-4.50625e-07
4.125e-08
1.34187e-06
3.31187e-06
4.3125e-06
2.58875e-06
1.22375e-06
3.8125e-08
-3.625e-07
1.27875e-06
-6.89375e-07
-2.455e-06
-2.0525e-06
-4.18125e-06
-1.88812e-06
7.74375e-07
-2.68813e-06
-4.44937e-06
-2.61375e-06
2.05375e-06
4.00687e-06
8.29375e-07
-7.31875e-07
-3.47937e-06
-6.72687e-06
-2.61688e-06
2.48312e-06
6.06875e-07
-2.41562e-06
-2.27875e-06
-1.55687e-06
-4.625e-07
2.8025e-06
3.3175e-06
2.75687e-06
4.52375e-06
3.47125e-06
3.93812e-06
1.71812e-06
-4.35937e-06
-4.94687e-06
-3.85625e-06
-1.9825e-06
7.15e-07
1.5375e-06
-6.8125e-08
-2.46688e-06
-1.52687e-06
4.34375e-07
1.60625e-07
2.2125e-07
2.98875e-06
5.32937e-06
2.03438e-06
-1.21062e-06
5.8e-07
3.4875e-07
-1.5175e-06
-5.95e-07
1.65875e-06
1.96875e-07
-2.23687e-06
2.99375e-07
7.98125e-07
-2.7e-07
8.675e-07
2.13125e-07
-2.875e-08
1.35688e-06
1.68437e-06
1.44438e-06
1.76875e-07
-2.46312e-06
-3.93375e-06
-3.37187e-06
-1.74688e-06
-8.5875e-07
-5.73125e-07
1.30313e-06
2.78375e-06
1.3525e-06
5.975e-07
1.4025e-06
1.4e-07
-6.88125e-07
4.68125e-07
-4.75625e-07
-1.65813e-06
-8.625e-08
9.95625e-07
1.58625e-06
2.20188e-06
9.7e-07
-3.425e-07
-4.5625e-07
4.5e-08
-4.91875e-07
-2.12875e-06
-3.03938e-06
-2.52e-06
-8.025e-07
4.25625e-07
1.14687e-06
1.22375e-06
1.11938e-06
7.14375e-07
2.05625e-07
1.04813e-06
5.1625e-07
1.05625e-07
1.79375e-07
-1.7875e-06
-2.04625e-06
1.8625e-07
6.26875e-07
-8.01875e-07
-5.21875e-07
2.3e-07
-2.4625e-07
-1.44375e-07
7.50625e-07
-3.65e-07
-1.28687e-06
1.09437e-06
5.24375e-07
-1.02812e-06
-3.66875e-07
-8.375e-07
-2.10625e-07
-1.21375e-06
-2.30187e-06
-4.49375e-07
6.375e-07
1.79562e-06
1.22813e-06
5.3e-07
1.10437e-06
1.76625e-06
3.46063e-06
2.49937e-06
1.74187e-06
1.25812e-06
-1.2225e-06
-2.10875e-06
-1.95187e-06
-1.645e-06
-5.14375e-07
-1.4375e-08
-2.00375e-06
-7.7625e-07
1.11188e-06
-9.1875e-07
-2.00063e-06
-2.97e-06
-1.66938e-06
5.9375e-07
2.04063e-06
2.9775e-06
7.43125e-07
1.4e-07
4.69375e-07
1.81875e-07
1.57625e-06
1.66687e-06
9.31875e-07
6.36875e-07
-1.33813e-06
-2.9575e-06
-2.30313e-06
-2.8525e-06
-2.76062e-06
1.07437e-06
2.96875e-06
9.3e-07
-3.38125e-07
-1.53125e-07
-5.8125e-08
1.01687e-06
1.81e-06
9.78125e-07
9.30625e-07
1.51875e-06
1.52938e-06
5.2125e-07
-2.13625e-06
-3.14625e-06
-1.51437e-06
-1.04438e-06
-2.12687e-06
-2.39812e-06
-1.13562e-06
-1.10625e-07
2.0275e-06
4.21e-06
2.285e-06
7.3125e-08
3.04375e-07
-2.65625e-07
-2.28875e-06
-1.87937e-06
-7.6875e-08
7.30625e-07
1.42438e-06
4.61875e-07
-5.58125e-07
-7.45e-07
-5.0625e-07
9.175e-07
1.625e-06
4.34375e-07
-8.61875e-07
-7.35e-07
-5.3875e-07
-1.425e-07
-4.8e-07
-1.7825e-06
-1.3e-06
1.38125e-07
1.31438e-06
1.81625e-06
1.78437e-06
6.48125e-07
-8.29375e-07
-5.16875e-07
-3.14375e-07
3.80625e-07
6.56875e-07
-7.26875e-07
-7.64375e-07
-3.5875e-07
8.96875e-07
1.44188e-06
-5.825e-07
-1.17875e-06
-1.10687e-06
-1.43875e-06
-1.36062e-06
-1.58875e-06
-1.17313e-06
5.3125e-07
2.25188e-06
1.7325e-06
1.045e-06
1.335e-06
1.23375e-06
1.08375e-06
1.86875e-07
-3.75e-08
-6.05e-07
-9.7875e-07
1.08125e-07
-1.23063e-06
-2.42312e-06
-1.06625e-06
-2.24375e-07
2.7375e-07
7.41875e-07
3.0875e-07
8.3125e-08
2.11875e-07
9.4375e-08
-5.96875e-07
-1.065e-06
-3.99375e-07
-2.8125e-07
2.18125e-07
1.99375e-06
1.8975e-06
3.89375e-07
-3.25e-08
-1.20625e-06
-1.91813e-06
-1.45812e-06
-8.4125e-07
1.94125e-06
2.01312e-06
2.4375e-07
1.59812e-06
6.45625e-07
-1.72313e-06
-9.7625e-07
-3.13125e-07
-1.59812e-06
-1.36e-06
9.51875e-07
1.35062e-06
9.60625e-07
1.05187e-06
-3e-08
-5.88125e-07
-1.98125e-07
1.4e-07
-5.675e-07
-1.34688e-06
-1.0025e-06
-1.39687e-06
-1.88563e-06
-1.24e-06
-8.325e-07
-1.115e-06
7.00625e-07
3.31563e-06
2.65188e-06
4.85625e-07
2.31875e-07
1.19937e-06
3.425e-07
-2.10625e-07
1.03125e-06
1.21938e-06
9.6875e-08
-5.58125e-07
-1.45125e-06
-2.8325e-06
-2.15437e-06
-2.29813e-06
-1.2675e-06
1.9325e-06
1.40063e-06
1.44188e-06
1.46187e-06
-1.65625e-07
1.0425e-06
2.19563e-06
2.20188e-06
1.96812e-06
-4e-08
-9.3375e-07
8.275e-07
-3.43125e-07
-1.80625e-06
-8.125e-08
-5.51875e-07
-1.18937e-06
4.1125e-07
5.45e-07
-8.575e-07
-1.48563e-06
-2.6525e-06
-3.18687e-06
-8.825e-07
7.43125e-07
8.625e-07
1.14875e-06
1.32688e-06
2.63125e-07
-7.175e-07
-9.26875e-07
-1.22562e-06
-7.375e-08
4.9375e-07
-1.17812e-06
-3.39e-06
-3.01125e-06
-3.375e-08
5.5875e-07
8.88125e-07
1.96438e-06
9.45e-07
9.95625e-07
1.89375e-06
1.66125e-06
6.7625e-07
-3.5625e-08
1.18375e-06
7.3875e-07
-1.29188e-06
-1.505e-06
-1.8275e-06
-1.665e-06
-1.37625e-06
-1.9475e-06
-1.36e-06
7.8375e-07
2.96187e-06
2.84375e-06
2.52875e-06
2.06063e-06
-1.76875e-07
-8.86875e-07
-7.29375e-07
-6.86875e-07
-9.2375e-07
-1.89812e-06
-1.80938e-06
-1.34937e-06
-2.75e-08
3.25e-07
-1.32438e-06
-9.31875e-07
2.60625e-07
3.725e-07
5.1875e-07
1.19438e-06
9.2125e-07
1.8625e-07
7.00625e-07
9.1375e-07
1.38375e-06
1.05875e-06
-5.40625e-07
-1.53125e-06
-2.705e-06
-2.16125e-06
6.9375e-07
2.2325e-06
1.58188e-06
1.00375e-06
-1.3125e-07
-1.55313e-06
-4.8125e-08
1.48875e-06
7.35e-07
4.64375e-07
-2.05625e-07
-1.30438e-06
-5.86875e-07
-5.33125e-07
-1.28937e-06
-2.5e-07
5.6875e-07
4.15e-07
9.025e-07
6.8875e-07
2.40625e-07
1.28562e-06
1.0925e-06
3.51875e-07
1.74375e-07
-1.34312e-06
-1.36312e-06
-1.1825e-06
-3.09563e-06
-1.9825e-06
4.45e-07
-2.6625e-07
-2.13125e-07
5.18125e-07
-1.5375e-07
2.98125e-07
1.09938e-06
4.35625e-07
-6.39375e-07
-1.16313e-06
1.56875e-07
3.03938e-06
3.53625e-06
2.07812e-06
6.3875e-07
-1.01e-06
-1.82312e-06
-1.84375e-06
-2.49375e-06
-3.29875e-06
-7.8375e-07
1.005e-06
8.125e-09
5.1625e-07
8.99375e-07
8.2125e-07
6.6e-07
1.28313e-06
2.44438e-06
1.13937e-06
2.7375e-07
1.19688e-06
-8.1875e-08
-1.8775e-06
-1.78938e-06
-1.19438e-06
-4.59375e-07
-4.34375e-07
-9.9875e-07
-1.195e-06
-5.95e-07
-2.16875e-07
-8.9875e-07
-1.50813e-06
-1.36875e-07
2.50312e-06
3.91687e-06
4.27688e-06
3.45125e-06
2.56313e-06
3.9125e-07
-2.26875e-06
-8.2125e-07
1.14375e-07
-5.48125e-07
-8.1625e-07
-2.75e-06
-3.50937e-06
-2.70062e-06
-2.14937e-06
-1.5875e-06
7.1375e-07
1.67687e-06
-1.12063e-06
-8.58125e-07
4.3375e-07
6.98125e-07
1.92625e-06
1.90438e-06
1.83188e-06
6.86875e-07
8.05e-07
2.19625e-06
5.00625e-07
-1.27125e-06
-9.39375e-07
-1.08125e-07
-7.0625e-07
-1.18125e-06
-1.90812e-06
-3.4775e-06
-2.11312e-06
-9.13125e-07
-8.61875e-07
6.9375e-08
-9.01875e-07
-1.25312e-06
2.66875e-07
1.50125e-06
3.4525e-06
3.79438e-06
1.15687e-06
1.9125e-07
1.59125e-06
1.01438e-06
-8.90625e-07
-1.79437e-06
-2.41125e-06
-1.94062e-06
-7.63125e-07
3.6875e-07
5.04375e-07
-1.11125e-06
5.6375e-07
1.63938e-06
-2.99063e-06
-3.35937e-06
-4.51875e-07
8.8125e-08
2.17125e-06
4.3575e-06
7.115e-06
8.65812e-06
4.68313e-06
-4.34375e-07
-4.32688e-06
-4.54688e-06
1.0625e-08
3.09563e-06
3.5975e-06
-2.25e-08
-1.11325e-05
-2.36925e-05
-3.1575e-05
-3.2835e-05
-2.7015e-05
-1.4355e-05
2.565e-06
1.4885e-05
1.70888e-05
1.58681e-05
1.81225e-05
2.1605e-05
2.80075e-05
3.8225e-05
3.96356e-05
2.53356e-05
9.10563e-06
3.65625e-07
-1.05744e-05
-2.16144e-05
-2.30656e-05
-2.11513e-05
-1.71362e-05
-9.65625e-06
-4.49375e-06
-2.85188e-06
-4.9875e-07
3.23375e-06
-2.31375e-06
-1.42538e-05
-1.56281e-05
-6.00312e-06
5.78688e-06
1.51344e-05
2.06294e-05
2.02231e-05
1.68056e-05
1.63e-05
1.60994e-05
1.23694e-05
4.54937e-06
-6.87062e-06
-2.23606e-05
-3.86606e-05
-4.55181e-05
-4.06581e-05
-2.82381e-05
-1.31481e-05
-8.88125e-07
1.19119e-05
2.80819e-05
3.96419e-05
3.70119e-05
2.63719e-05
1.89744e-05
1.29144e-05
6.19687e-06
-2.50562e-06
-8.76563e-06
-9.34937e-06
-1.28419e-05
-1.76244e-05
-2.01844e-05
-1.866e-05
-1.0425e-05
-3.53e-06
-4.08125e-06
-8.72375e-06
-9.31062e-06
-6.74062e-06
-1.40562e-06
9.27437e-06
1.43944e-05
1.52163e-05
1.90187e-05
2.32388e-05
2.43619e-05
1.81394e-05
9.79938e-06
-1.31062e-06
-1.58106e-05
-2.35706e-05
-2.57069e-05
-2.55756e-05
-2.27756e-05
-1.58981e-05
-7.11563e-06
-3.26312e-06
-8.6125e-07
4.31375e-06
8.70125e-06
1.00631e-05
8.30812e-06
7.81688e-06
1.15244e-05
1.46969e-05
1.61594e-05
1.55131e-05
1.29963e-05
1.17287e-05
9.63125e-06
3.64875e-06
-9.27125e-06
-2.38112e-05
-2.95112e-05
-3.02281e-05
-2.99906e-05
-2.24956e-05
-1.08556e-05
-1.26063e-06
7.99437e-06
1.56594e-05
2.32769e-05
2.90494e-05
2.53844e-05
1.70844e-05
1.10494e-05
4.54437e-06
-4.14563e-06
-9.36563e-06
-7.62812e-06
-3.49812e-06
-3.10438e-06
-5.81438e-06
-6.63875e-06
-7.26313e-06
-7.59312e-06
-6.24438e-06
-5.33562e-06
-2.7925e-06
1.375e-06
6.5475e-06
1.24575e-05
1.69075e-05
1.84137e-05
1.62931e-05
1.01981e-05
2.85625e-07
-9.45938e-06
-1.45719e-05
-1.66975e-05
-1.9375e-05
-1.71606e-05
-1.03081e-05
-5.48812e-06
-2.45625e-07
2.75187e-06
2.8575e-06
4.50875e-06
4.12625e-06
2.01312e-06
2.44875e-06
2.92937e-06
1.44937e-06
1.53625e-06
3.14562e-06
5.06125e-06
7.74625e-06
1.02537e-05
1.278e-05
1.016e-05
7.225e-07
-5.6975e-06
-8.3825e-06
-1.2575e-05
-1.47331e-05
-1.22881e-05
-8.15313e-06
-3.29562e-06
2.25687e-06
3.48375e-06
1.50187e-06
4.14187e-06
7.40938e-06
6.65062e-06
4.98625e-06
3.12875e-06
1.04125e-06
-8.5375e-07
-1.81625e-06
-7.04375e-07
4.2625e-07
1.1925e-06
4.945e-06
5.07687e-06
-1.24063e-06
-7.64062e-06
-1.31781e-05
-1.61456e-05
-1.70631e-05
-1.31306e-05
-3.25063e-06
6.27938e-06
1.14069e-05
1.07544e-05
1.13219e-05
1.31762e-05
1.05837e-05
5.52375e-06
-8.4625e-07
-4.43875e-06
-6.60688e-06
-1.14194e-05
-1.23063e-05
-7.48875e-06
-1.80375e-06
1.91625e-06
3.99938e-06
6.55125e-06
8.32e-06
6.42125e-06
4.14625e-06
5.35375e-06
5.02313e-06
3.43687e-06
3.26188e-06
-8.18125e-07
-5.02562e-06
-3.59375e-06
-2.81625e-06
-5.09312e-06
-4.86062e-06
-2.56625e-06
-1.1275e-06
-1.20688e-06
-3.72875e-06
-3.82687e-06
-3.19438e-06
-5.675e-06
-2.18e-06
2.89e-06
1.75937e-06
2.92813e-06
3.20563e-06
2.73125e-07
9.2875e-07
1.3825e-06
1.135e-06
-3.88125e-07
-2.79625e-06
-7.45e-07
-1.05e-07
-2.8675e-06
-1.95875e-06
1.90375e-06
3.45687e-06
5.9575e-06
9.7225e-06
5.3675e-06
-2.5925e-06
-3.15562e-06
1.28937e-06
3.14063e-06
1.29937e-06
6.45625e-07
1.59375e-06
-1.15625e-06
-6.60625e-06
-6.92875e-06
-3.89125e-06
-2.23313e-06
-2.50625e-07
1.64062e-06
3.655e-06
3.82313e-06
6.60625e-07
-3.6625e-07
3.425e-07
-2.95625e-07
9.2125e-07
2.47313e-06
1.08312e-06
-1.415e-06
-4.8e-06
-6.14125e-06
-3.43875e-06
-2.5875e-07
1.90563e-06
3.4e-06
6.105e-06
7.48375e-06
5.1075e-06
2.9825e-06
2.115e-06
2.30625e-06
2.0525e-06
-6.625e-07
-3.5e-06
-5.09312e-06
-4.28562e-06
-1.64062e-06
-1.63437e-06
-2.11312e-06
4.3625e-07
1.71687e-06
-1.29562e-06
-4.92563e-06
-5.73687e-06
-5.51062e-06
-2.81062e-06
3.37187e-06
5.97687e-06
3.68312e-06
2.61688e-06
3.81562e-06
4.69438e-06
2.72687e-06
-2.79062e-06
-7.81812e-06
-8.725e-06
-6.815e-06
-5.42687e-06
-4.5675e-06
-1.9e-06
-1.49375e-07
-5.3125e-07
2.81375e-06
8.13625e-06
1.02275e-05
9.03812e-06
5.09812e-06
2.07812e-06
-1.91875e-07
-3.79438e-06
-3.78937e-06
-3.26875e-07
4.25e-07
2.725e-07
1.5525e-06
7.9375e-07
-1.7275e-06
-2.2375e-06
-1.46125e-06
-3.4725e-06
-5.9425e-06
-6.56063e-06
-4.34438e-06
7.55625e-07
3.63563e-06
6.53562e-06
7.715e-06
5.0775e-06
4.03813e-06
1.39063e-06
-3.90437e-06
-7.50437e-06
-5.03062e-06
1.06187e-06
1.32187e-06
-2.41063e-06
-2.88687e-06
-2.5425e-06
-4.3925e-06
-2.3675e-06
3.965e-06
6.54e-06
4.9675e-06
2.0775e-06
-1.915e-06
-3.66562e-06
-3.4275e-06
-4.68813e-06
-2.35062e-06
5.78688e-06
8.96437e-06
3.02188e-06
-2.42312e-06
-1.28e-06
2.70625e-07
-2.70937e-06
-4.57375e-06
-5.56063e-06
-5.54562e-06
-5.20625e-07
3.71437e-06
5.79375e-06
5.88813e-06
2.51813e-06
4.125e-08
1.10188e-06
2.27937e-06
4.775e-07
2.01813e-06
5.81062e-06
3.09062e-06
-1.17187e-06
-3.26625e-06
-4.32875e-06
-2.76812e-06
-2.14e-06
-2.3875e-06
-3.58687e-06
-5.27063e-06
-4.20313e-06
-4.60438e-06
-3.35063e-06
1.08437e-06
3.93937e-06
7.74188e-06
1.06244e-05
9.4375e-06
6.875e-06
4.0175e-06
-9.775e-07
-4.4775e-06
-6.16937e-06
-8.40063e-06
-6.295e-06
-2.4475e-06
-1.35125e-06
-1.565e-06
-1.63125e-06
-3.94437e-06
-7.22687e-06
-5.51625e-06
-1.98375e-06
1.45125e-06
4.32625e-06
5.70937e-06
8.44188e-06
1.02544e-05
9.1525e-06
4.6675e-06
2.6e-07
1.0275e-06
1.59875e-06
-6.875e-07
-2.57188e-06
-4.25062e-06
-5.475e-06
-6.11125e-06
-6.05937e-06
-5.89875e-06
-5.62375e-06
-3.62562e-06
-1.19187e-06
3.06312e-06
8.17563e-06
8.4925e-06
6.60312e-06
6.96687e-06
6.9325e-06
3.9475e-06
1.39375e-06
3.31875e-07
-7.69375e-07
-2.48438e-06
-4.30625e-06
-5.19437e-06
-6.96687e-06
-6.45313e-06
-4.8475e-06
-3.59187e-06
4.68125e-07
3.97812e-06
5.3125e-06
1.5525e-06
-4.7325e-06
-6.52e-06
-3.705e-06
2.3825e-06
7.33e-06
6.31938e-06
3.48687e-06
2.93625e-06
2.08875e-06
2.44375e-06
2.67e-06
8.125e-07
-2.9e-07
-3.51e-06
-8.365e-06
-1.06313e-05
-1.21237e-05
-1.21025e-05
-8.4875e-06
-2.8525e-06
3.3275e-06
7.6825e-06
1.00694e-05
1.0685e-05
9.78063e-06
7.7375e-06
3.52e-06
-4.475e-07
-2.99875e-06
-3.22375e-06
-1.92562e-06
-3.5675e-06
-3.24437e-06
1.24063e-06
7.61875e-07
-3.36562e-06
-4.4325e-06
-4.99125e-06
-6.1125e-06
-5.24313e-06
-4.18875e-06
-1.9175e-06
3.58e-06
8e-06
1.02256e-05
1.05469e-05
9.46875e-06
7.5725e-06
3.1675e-06
-6.425e-07
-2.28313e-06
-4.11312e-06
-6.67125e-06
-8.10625e-06
-7.55562e-06
-5.48937e-06
-1.79187e-06
7.93125e-07
8.36875e-07
-1.2125e-07
1.86188e-06
6.18437e-06
7.36812e-06
7.55437e-06
6.13562e-06
1.25063e-06
-6.65e-07
8.94375e-07
9.375e-08
-1.1675e-06
-7.00625e-07
-1.51e-06
-4.4025e-06
-8.3325e-06
-8.81875e-06
-7.22062e-06
-5.28313e-06
7.44375e-07
5.65187e-06
5.7725e-06
4.0475e-06
2.04313e-06
1.64062e-06
3.09687e-06
4.18625e-06
4.6275e-06
4.2925e-06
2.295e-06
-2.0175e-06
-6.6825e-06
-7.7825e-06
-8.39312e-06
-9.0475e-06
-5.175e-06
8.7e-07
3.5125e-06
3.35e-06
2.4625e-06
-7.775e-07
-2.5425e-06
-5.1125e-07
2.38125e-06
4.79063e-06
5.31188e-06
5.81563e-06
5.56312e-06
6.80625e-07
-4.97188e-06
-6.13437e-06
-4.5775e-06
-2.86375e-06
-1.205e-06
-1.75375e-06
-2.71063e-06
-4.06875e-07
1.6375e-06
2.56938e-06
3.39437e-06
1.32625e-06
-2.73125e-06
-4.43562e-06
-2.3475e-06
-1.05625e-07
1.73313e-06
5.00563e-06
6.43063e-06
5.77062e-06
6.06813e-06
5.83688e-06
3.37437e-06
-1.89062e-06
-6.72312e-06
-6.25812e-06
-4.86e-06
-5.4325e-06
-5.24062e-06
-3.88438e-06
3.80625e-07
6.10562e-06
5.85938e-06
6.875e-09
-5.175e-07
2.845e-06
-2.575e-07
-4.435e-06
-3.145e-06
-4.075e-07
2.9975e-06
5.07562e-06
2.5625e-06
1.39375e-07
2.71875e-07
3.6625e-07
-4.76875e-07
-7.4375e-07
-2.21375e-06
-6.20375e-06
-7.775e-06
-6.28625e-06
-2.46875e-06
2.16375e-06
4.82875e-06
5.43875e-06
3.18375e-06
2.5175e-06
3.38312e-06
2.86313e-06
3.93688e-06
3.73062e-06
2.3925e-06
3.73375e-06
3.46812e-06
-1.25687e-06
-5.03187e-06
-4.9825e-06
-4.58375e-06
-5.68e-06
-6.60688e-06
-5.99875e-06
-3.91187e-06
-8.99375e-07
1.81875e-07
1.27313e-06
5.25812e-06
8.20312e-06
7.31562e-06
4.38813e-06
3.7125e-06
3.32062e-06
6.55625e-07
-3.35937e-06
-7.23187e-06
-7.0025e-06
-4.2875e-06
-1.7e-06
7.0625e-08
-1.3875e-07
-2.04625e-06
-2.80312e-06
-8.875e-07
1.65125e-06
5.10875e-06
6.04437e-06
2.63688e-06
-9.78125e-07
-2.66875e-07
1.9175e-06
-2.08e-06
-4.20813e-06
-8.08125e-07
1.6275e-06
2.07438e-06
7.325e-07
3.8125e-08
-3.29187e-06
-6.86688e-06
-4.80562e-06
-4.54312e-06
-6.41187e-06
-2.88687e-06
2.55062e-06
4.32937e-06
2.75e-06
8.66875e-07
3.16375e-06
6.34625e-06
6.235e-06
4.0475e-06
1.4775e-06
2.0025e-06
1.04563e-06
-2.22188e-06
-3.27875e-06
-4.80688e-06
-3.70875e-06
-2.91875e-06
-3.04125e-06
1.72125e-06
3.19125e-06
1.8375e-07
-2.07062e-06
-2.62125e-06
-2.01687e-06
-9.34375e-07
2.51563e-06
5.29812e-06
6.69688e-06
6.77125e-06
4.74812e-06
3.77125e-06
1.61125e-06
-1.59375e-06
-2.48688e-06
-3.50375e-06
-4.37813e-06
-4.23875e-06
-5.94125e-06
-5.52812e-06
-5.23125e-07
2.58687e-06
2.31937e-06
1.46e-06
1.19062e-06
2.58375e-06
3.6175e-06
2.88625e-06
2.2175e-06
1.67312e-06
1.26562e-06
2.76875e-07
-7.75e-07
1.50625e-07
-6.1875e-08
-4.04187e-06
-6.40625e-06
-5.11e-06
-3.93188e-06
-3.25625e-06
-3.99813e-06
-2.4175e-06
8.175e-07
1.92e-06
4.8e-06
6.51063e-06
4.37688e-06
5.34375e-07
-1.66125e-06
-1.1375e-06
-5.34375e-07
1.4225e-06
3.4025e-06
2.06687e-06
-2.08563e-06
-5.87562e-06
-6.47e-06
-4.97875e-06
-2.95187e-06
-1.17e-06
-5.76875e-07
3.1e-07
2.075e-06
3.45375e-06
3.79938e-06
1.575e-06
-5.48125e-07
1.46937e-06
5.69437e-06
8.85437e-06
6.8275e-06
1.575e-07
-4.485e-06
-6.28187e-06
-6.91313e-06
-5.62437e-06
-3.35437e-06
-2.19687e-06
-8.05e-07
1.35062e-06
2.98125e-07
-1.1575e-06
1.195e-06
3.7875e-06
3.6125e-06
2.52312e-06
2.22062e-06
9.7e-07
2.725e-07
2.55687e-06
3.46625e-06
1.0075e-06
-9.35625e-07
-1.19563e-06
-9.4375e-08
-3.85e-07
-3.135e-06
-6.395e-06
-8.90125e-06
-5.70125e-06
6.2375e-07
4.24125e-06
4.59938e-06
2.175e-06
2.19875e-06
4.85875e-06
5.56125e-06
4.46938e-06
2.16062e-06
-9.04375e-07
-2.39875e-06
-9.08125e-07
2.34375e-07
-2.16937e-06
-5.63938e-06
-6.68125e-06
-3.96625e-06
-5.4875e-07
5.5125e-07
1.49312e-06
2.52562e-06
2.295e-06
7.98125e-07
-1.96187e-06
-3.26625e-06
-2.04437e-06
1.27562e-06
3.61625e-06
1.00625e-06
-4.7375e-07
1.8125e-08
-1.07562e-06
-9.375e-09
2.42813e-06
2.37375e-06
2.6e-07
-2.20375e-06
-4.37875e-06
-5.0725e-06
-6.6025e-06
-7.42312e-06
-3.76812e-06
2.70687e-06
1.03394e-05
1.14125e-05
5.105e-06
1.0325e-06
6.2875e-07
2.1875e-07
-8.50625e-07
-1.7975e-06
-1.3925e-06
9.4125e-07
-4.09375e-07
-3.99938e-06
-2.43063e-06
9.56875e-07
3.61687e-06
4.15188e-06
1.98437e-06
7.5125e-07
-1.04062e-06
-2.39187e-06
-1.88563e-06
-3.085e-06
-4.2925e-06
-3.31e-06
-1.42625e-06
1.65375e-06
3.82687e-06
4.12188e-06
4.95875e-06
5.72187e-06
4.74438e-06
1.59937e-06
-2.76062e-06
-6.19812e-06
-5.995e-06
-3.83312e-06
-2.44625e-06
-8.9e-07
-9.29375e-07
-2.31312e-06
-6.4125e-07
2.85125e-06
2.75812e-06
-7.1875e-08
-1.1525e-06
8.38125e-07
2.46e-06
1.4475e-06
-4.275e-07
-3.4725e-06
-2.61e-06
2.0825e-06
1.88125e-06
-5.58125e-07
-3.09e-06
-4.36375e-06
-5.6625e-07
3.07375e-06
4.77187e-06
6.54e-06
5.6625e-06
1.8275e-06
-2.185e-06
-5.8225e-06
-8.28687e-06
-6.18375e-06
-6.4625e-07
2.03125e-06
5.11875e-07
1.91875e-07
5.2375e-07
-1.64437e-06
-1.42875e-06
-2.3125e-07
7.2125e-07
3.43375e-06
3.74313e-06
3.36438e-06
3.16375e-06
2.56313e-06
1.90062e-06
-3.45625e-07
-3.41813e-06
-4.31312e-06
-1.83375e-06
-1.29375e-06
-1.36e-06
1.73125e-07
1.235e-06
1.44188e-06
-1.24312e-06
-3.06062e-06
-2.27125e-06
-4.85625e-07
1.51e-06
1.7575e-06
3.36312e-06
3.94e-06
1.1125e-06
9.0625e-07
2.75125e-06
3.01562e-06
3.38125e-07
-3.66438e-06
-5.82688e-06
-5.93375e-06
-1.53625e-06
3.85125e-06
4.68187e-06
3.36562e-06
-6.4375e-08
-3.83438e-06
-4.50813e-06
-2.81875e-06
-4.45e-07
1.95937e-06
4.98687e-06
4.57812e-06
-2.4375e-08
-3.16437e-06
-3.91313e-06
-2.46438e-06
3.75625e-07
2.46875e-06
3.45125e-06
2.21187e-06
5.9625e-07
-1.07875e-06
-4.41875e-06
-4.99313e-06
-1.61062e-06
1.31688e-06
8.19375e-07
-1.1375e-07
8.83125e-07
1.04e-06
1.4775e-06
1.59875e-06
-2.6e-07
-2.27875e-06
-2.62875e-06
-1.49187e-06
-1.12125e-06
-1.28125e-07
1.75375e-06
3.16625e-06
2.4375e-06
-5.775e-07
-1.65312e-06
-1.03875e-06
-1.8125e-07
4.6875e-08
-1.2525e-06
-2.61688e-06
-2.925e-06
-1.1725e-06
1.3e-07
1.28562e-06
4.20313e-06
4.46437e-06
3.15625e-06
1.70125e-06
-1.37875e-06
-2.87312e-06
-2.7025e-06
-3.15625e-07
1.74875e-06
6.8375e-07
9.24375e-07
5.88125e-07
1.53125e-07
1.66437e-06
8.575e-07
-1.49062e-06
-3.47875e-06
-3.43937e-06
-9.0875e-07
1.01875e-07
-5.375e-07
1.7125e-07
1.91937e-06
1.69812e-06
-8.325e-07
-8.31875e-07
1.58812e-06
1.78875e-06
2.125e-07
-1.92625e-06
-3.53562e-06
-2.69375e-06
-3.38125e-07
6.10625e-07
7.1875e-07
1.5475e-06
2.58125e-06
3.81813e-06
2.78625e-06
-1.55375e-06
-6.16375e-06
-6.1925e-06
-1.525e-06
1.2525e-06
1.62563e-06
1.32187e-06
2.4375e-07
5.78125e-07
1.10813e-06
1.65625e-07
-1.8375e-07
1.28375e-06
3.61812e-06
4.62188e-06
1.59438e-06
-1.68063e-06
-2.00688e-06
-3.0525e-06
-2.46625e-06
-9.225e-07
-7.09375e-07
-1.625e-08
-1.06813e-06
-1.37187e-06
-2.975e-07
1.06312e-06
2.3575e-06
1.32625e-06
-5.13125e-07
-1.96063e-06
-1.0375e-07
1.86188e-06
2.49375e-07
2.83125e-07
1.95187e-06
2.84125e-06
9.25e-07
-2.095e-06
-8.58125e-07
4.65e-07
-9.44375e-07
-1.55313e-06
-2.42563e-06
-3.09687e-06
-1.21375e-06
1.08375e-06
8.25625e-07
-9.75e-07
-6.8125e-08
3.01938e-06
3.99813e-06
2.32437e-06
2.925e-07
-7.86875e-07
-2.22375e-06
-1.8e-06
5.68125e-07
-6.55625e-07
-2.28e-06
-1.07375e-06
-2.95e-07
-2.175e-07
-5.50625e-07
-8.1875e-07
-1.8375e-07
2.3e-07
1.2e-07
8.04375e-07
1.71438e-06
1.5775e-06
6.70625e-07
7.6875e-08
9.725e-07
1.49437e-06
5.375e-08
-1.72687e-06
-2.08375e-06
-1.3675e-06
-7.89375e-07
-3.975e-07
-5.40625e-07
-1.56875e-07
1.07688e-06
2.21437e-06
1.45438e-06
-1.56875e-07
9.91875e-07
1.92562e-06
1.26125e-06
-5.425e-07
-1.34625e-06
5.5625e-08
-2.32687e-06
-4.28312e-06
-1.77625e-06
-5.85625e-07
-5.775e-07
-1.53125e-07
2.2e-07
-5.96875e-07
-5.3875e-07
2.82625e-06
3.71125e-06
2.1525e-06
1.7525e-06
4.35e-07
-2.45e-07
-7.69375e-07
-2.62e-06
-4.2425e-06
-3.69312e-06
1.56875e-07
2.41938e-06
2.21813e-06
1.60125e-06
1.01875e-07
-1.1525e-06
-1.19125e-06
-4.1375e-07
-9.275e-07
-1.5e-08
1.7875e-06
1.77312e-06
1.92938e-06
4.675e-07
-1.79437e-06
-2.4225e-06
-1.49938e-06
2.03125e-07
9.36875e-07
-7.91875e-07
-3.17125e-06
-2.34875e-06
-6.2e-07
2.54375e-07
1.50688e-06
2.18688e-06
2.41e-06
3.53e-06
3.9575e-06
2.08313e-06
7.28125e-07
-8.60625e-07
-2.82688e-06
-3.21125e-06
-3.7475e-06
-3.83187e-06
-2.76125e-06
-1.33937e-06
4.63125e-07
2.5875e-06
3.7025e-06
3.27688e-06
2.23937e-06
1.67437e-06
1.60812e-06
6.7625e-07
-9.8125e-08
-1.6875e-07
-3.2e-07
-1.39125e-06
-2.95375e-06
-2.54438e-06
-1.97563e-06
-2.61375e-06
-1.65375e-06
5.2125e-07
1.67187e-06
1.87812e-06
2.10187e-06
2.21313e-06
1.28812e-06
1.5e-07
7.16875e-07
1.46e-06
-4.18125e-07
-2.305e-06
-2.115e-06
-1.735e-06
-6.6e-07
-3.23125e-07
-6.35625e-07
2.3125e-07
-5.2375e-07
-1.9825e-06
-2.52e-06
-2.36875e-06
-6.15625e-07
1.89563e-06
2.45687e-06
8.54375e-07
9.2e-07
1.965e-06
1.57063e-06
8.475e-07
4.65e-07
1.3525e-06
1.90937e-06
-7.375e-08
-2.18937e-06
-3.62812e-06
-4.12313e-06
-2.87438e-06
-1.67687e-06
-4.61875e-07
1.15e-06
2.9975e-06
3.90313e-06
3.09625e-06
2.7125e-06
2.23187e-06
1.28063e-06
-4.23125e-07
-2.965e-06
-3.33687e-06
-2.795e-06
-2.11375e-06
-6.2e-07
3.51875e-07
1.37688e-06
1.76375e-06
1.15812e-06
-2.51875e-07
-1.18438e-06
-2.33125e-07
6.66875e-07
7.7e-07
4.4875e-07
3.9125e-07
2.03125e-07
-1.26875e-07
7.825e-07
1.40063e-06
2.76875e-07
-1.60875e-06
-2.47125e-06
-1.81125e-06
-6.85625e-07
-7.55625e-07
-9.58125e-07
6.5375e-07
9.3125e-07
5.81875e-07
1.48187e-06
9.475e-07
4.6125e-07
7.525e-07
1.55188e-06
1.75937e-06
-1.01875e-07
-9.3e-07
-5.1e-07
-2.11875e-07
-9.79375e-07
-2.65938e-06
-3.23688e-06
-2.14625e-06
-5.6875e-08
4.04375e-07
-3.03125e-07
-5.5e-08
1.8625e-07
-5.375e-08
3.65625e-07
2.0925e-06
2.89812e-06
1.985e-06
1.1725e-06
-2.20625e-07
-1.96312e-06
-1.78688e-06
2.2e-07
1.2825e-06
1.25e-06
1.55e-06
-2.55625e-07
-2.88563e-06
-3.83312e-06
-3.5725e-06
-1.90312e-06
-6.03125e-07
4.9625e-07
1.12562e-06
1.05875e-06
1.47563e-06
1.47563e-06
2.71562e-06
3.47688e-06
1.37125e-06
-3.53125e-07
-4.68125e-07
4.3e-07
1.285e-06
2.35e-07
-1.31625e-06
-1.26125e-06
-1.3825e-06
-1.58687e-06
-1.92562e-06
-3.1425e-06
-1.8125e-06
1.03e-06
1.735e-06
3.53125e-07
-9.2875e-07
1.0625e-08
1.78312e-06
2.71313e-06
3.105e-06
2.11125e-06
-6.3625e-07
-2.08062e-06
-1.45e-06
-9.61875e-07
-3.00625e-07
2.8375e-07
-3.16875e-07
-1.19187e-06
-1.64312e-06
-1.96125e-06
-2.31e-06
-2.28313e-06
-1.03563e-06
6.375e-07
1.005e-06
9.3e-07
2.22875e-06
4.73938e-06
5.90125e-06
3.66875e-06
-5.3875e-07
-3.45375e-06
-3.21125e-06
-1.95062e-06
-2.08563e-06
-2.85e-06
-2.80812e-06
-1.3e-06
1.385e-06
2.44625e-06
1.09063e-06
9.575e-07
1.06437e-06
-5.30625e-07
-1.34688e-06
-8.825e-07
-3.725e-07
1.1275e-06
3.32875e-06
2.57375e-06
3.36875e-07
-2.2875e-07
-1.005e-06
-1.615e-06
-8.2375e-07
-5.5125e-07
-1.51813e-06
-1.90125e-06
-6.34375e-07
9.09375e-07
1.35125e-06
1.17375e-06
1.135e-06
9.8875e-07
4.6125e-07
5.425e-07
9.00625e-07
-2.68125e-07
-7.90625e-07
-2.8875e-07
-5.36875e-07
1.85e-07
5.5125e-07
-5.2125e-07
-1.7675e-06
-2.43313e-06
-2.16188e-06
-1.75062e-06
-9.75625e-07
5.3125e-08
1.75312e-06
3.02125e-06
2.20438e-06
-2.04375e-07
-2.03688e-06
-6.4875e-07
9.09375e-07
1.46313e-06
2.195e-06
1.33312e-06
1.15625e-07
-2.15e-07
-4.29375e-07
-8.1375e-07
-2.26875e-07
6.2125e-07
-4.75625e-07
-1.9875e-06
-2.19375e-06
-1.2975e-06
1.51875e-07
2.13e-06
2.61562e-06
4.525e-07
-1.00625e-06
-9.73125e-07
-3.05625e-07
4.7625e-07
1.68e-06
3.53e-06
3.53e-06
1.55687e-06
-6.225e-07
-2.21125e-06
-2.56125e-06
-1.98562e-06
-1.98125e-06
-2.18375e-06
-2.41e-06
-2.52375e-06
-8.9875e-07
7.39375e-07
1.065e-06
8.9125e-07
1.51062e-06
2.16312e-06
9.9125e-07
1.525e-07
-3.5625e-08
2.875e-08
2.83125e-07
-8.875e-08
-1.1375e-07
-9.05e-07
-1.67687e-06
-1.06437e-06
-7.55625e-07
-8.29375e-07
-6.1875e-08
1.3e-06
8.8625e-07
8.1875e-08
3.7625e-07
-4.075e-07
-9.2875e-07
-8.3125e-07
-9.7375e-07
6.8625e-07
2.765e-06
3.4925e-06
2.775e-06
-2.75e-07
-2.42e-06
-2.69312e-06
-2.975e-06
-2.53687e-06
-2.47625e-06
-1.94188e-06
-1.175e-07
1.09437e-06
1.92625e-06
2.51687e-06
2.66313e-06
2.5775e-06
2.01062e-06
6.49375e-07
-8.075e-07
-1.19937e-06
-8.0875e-07
-3.18125e-07
-7.4e-07
-1.21813e-06
-8.0875e-07
-1.0675e-06
-1.56063e-06
-1.37125e-06
-2.425e-07
8.775e-07
7.3e-07
3.0125e-07
-3.76875e-07
-1.01188e-06
-2.24375e-07
1.235e-06
1.4575e-06
7.11875e-07
6.675e-07
1.40125e-06
1.58188e-06
7.94375e-07
-4.5e-07
-1.61375e-06
-2.04563e-06
-1.90688e-06
-1.215e-06
3.60625e-07
2.01125e-06
2.02187e-06
-1.7125e-07
-1.84188e-06
-1.5625e-06
-5.625e-07
1.34937e-06
2.895e-06
2.92937e-06
1.6675e-06
8e-08
3.19375e-07
3.925e-07
-5.08125e-07
-1.13625e-06
-1.79e-06
-1.47375e-06
-9.0125e-07
-4.33125e-07
-3.375e-07
-7.225e-07
-6.05e-07
-3.85625e-07
3.20625e-07
5.14375e-07
-9e-08
-6.1e-07
-1.8225e-06
-2.36937e-06
-9.68125e-07
2.9375e-07
3.14375e-07
3.51875e-07
4.15625e-07
8.04375e-07
1.42063e-06
2.06813e-06
3.0175e-06
1.90375e-06
4.1875e-07
6.28125e-07
-9.55625e-07
-3.54813e-06
-3.69437e-06
-2.0375e-06
-3.28125e-07
2.7375e-07
8.125e-08
8.75e-08
3.725e-07
1.26188e-06
5.86875e-07
-1.04625e-06
-2.0375e-07
1.11437e-06
2.59625e-06
4.1075e-06
2.65438e-06
-2.28125e-07
-1.71063e-06
-1.41e-06
-1.14e-06
-2.03188e-06
-2.4225e-06
-2.57937e-06
-2.28562e-06
-1.69625e-06
-1.82e-06
-7.6875e-08
2.17875e-06
3.09062e-06
3.18313e-06
2.99063e-06
3.36375e-06
1.90875e-06
-1.33125e-07
-1.43625e-06
-2.71375e-06
-2.41e-06
-1.76625e-06
-1.695e-06
-1.84188e-06
-1.49375e-06
-1.8125e-07
5.08125e-07
3.875e-07
2.7375e-07
5.275e-07
5.39375e-07
7.20625e-07
1.52312e-06
1.62438e-06
1.63375e-06
1.10875e-06
6.31875e-07
4.95e-07
-1.0425e-06
-1.54188e-06
-1.32313e-06
-1.31875e-06
-1.20125e-06
-2.49125e-06
-2.43313e-06
-5.79375e-07
4.55e-07
3.80625e-07
-1.1375e-07
5.19375e-07
1.37187e-06
1.89e-06
2.25e-06
1.80875e-06
9.85e-07
-2.45625e-07
-2.85625e-07
3.73125e-07
-1.30625e-07
3.25e-08
2.31875e-07
-1.00687e-06
-2.01125e-06
-2.03062e-06
-1.47062e-06
-9.0625e-07
-2.60625e-07
1.23125e-07
-2.975e-07
4.34375e-07
1.43e-06
6.05e-07
9.125e-08
8.1625e-07
1.17812e-06
1.2675e-06
1.62625e-06
7.975e-07
-7.1875e-08
-5.25e-08
-4.575e-07
-2.9e-07
-6.0125e-07
-1.40562e-06
-1.49875e-06
-2.06813e-06
-2.41375e-06
-1.755e-06
-4.5125e-07
4.81875e-07
1.24e-06
1.39437e-06
-1.5875e-07
-6.35e-07
5.95e-07
2.10687e-06
3.2225e-06
2.7425e-06
1.81875e-06
5.44375e-07
-1.5325e-06
-2.375e-06
-2.09562e-06
-1.50875e-06
-6.06875e-07
-4.4e-07
-5.60625e-07
-5.39375e-07
-7.7875e-07
-1.14875e-06
-8.56875e-07
1.26e-06
2.55125e-06
1.81437e-06
1.3775e-06
7.46875e-07
-7.375e-08
-4.25625e-07
-5.8875e-07
-1.6875e-07
1.5375e-07
-5.59375e-07
-1.25625e-06
-1.10437e-06
-4.66875e-07
1.26875e-07
-1.54375e-07
-6.8375e-07
2.6875e-08
1.325e-06
7.09375e-07
-5.03125e-07
2.03125e-07
2.26875e-07
-4.15e-07
-2.375e-07
2.31875e-07
1.45625e-06
1.45e-06
3.5625e-08
-1.36125e-06
-1.92438e-06
-1.19438e-06
-1.30937e-06
-1.74875e-06
-1.16375e-06
1.725e-07
9.44375e-07
9.6e-07
1.07062e-06
-4.0625e-08
-2.7625e-07
7.575e-07
-7.5e-09
-8.49375e-07
1.30625e-07
7.58125e-07
2.5625e-08
-9.4125e-07
-1.92562e-06
-1.08062e-06
7.3e-07
4.63125e-07
3.875e-07
1.44937e-06
2.30375e-06
1.83687e-06
-6.075e-07
-1.95375e-06
-1.94125e-06
-1.605e-06
-4.65e-07
1.25625e-07
1.2775e-06
3.04875e-06
3.53688e-06
2.6575e-06
6.425e-07
-1.1075e-06
-1.16563e-06
-1.11687e-06
-2.24625e-06
-2.6625e-06
-2.61688e-06
-2.5575e-06
-1.1025e-06
6.1e-07
1.59563e-06
2.32375e-06
2.32187e-06
5.98125e-07
-6.46875e-07
1.3125e-08
6.3375e-07
1.6075e-06
2.07875e-06
1.33e-06
8.3875e-07
-1.375e-08
-1.41562e-06
-2.5175e-06
-2.61688e-06
-1.46688e-06
-2.93125e-07
-2.875e-08
2.075e-07
-2.4625e-07
-1.09063e-06
-9.29375e-07
-4.2875e-07
8.11875e-07
1.61438e-06
1.745e-06
2.14937e-06
1.42812e-06
-3.85e-07
-2.00063e-06
-2.28938e-06
-1.97875e-06
-1.85562e-06
-1.31438e-06
-7.16875e-07
-5.625e-08
1.28687e-06
2.06e-06
1.28625e-06
9.75625e-07
1.00812e-06
5.55625e-07
4.21875e-07
-1.6875e-07
-4.20625e-07
-2.125e-08
-3.23125e-07
-1.22437e-06
-1.13063e-06
3.73125e-07
8.06875e-07
-8.125e-09
-1.16438e-06
-2.09312e-06
-1.9925e-06
-1.86438e-06
-1.325e-06
5.5e-08
1.66437e-06
2.94375e-06
3.03875e-06
2.64563e-06
2.105e-06
1.13437e-06
1.10625e-07
-1.39938e-06
-2.57813e-06
-2e-06
-7.95625e-07
2.25e-07
7.88125e-07
2.44375e-07
-1.53812e-06
-3.13437e-06
-2.3975e-06
-4.88125e-07
1.28063e-06
2.19687e-06
1.95062e-06
1.58625e-06
4.41875e-07
-1.06312e-06
-1.4125e-06
-2.0375e-07
1.1625e-06
1.32062e-06
7.89375e-07
-4.225e-07
-7.675e-07
-1.59375e-07
-4.7875e-07
-8.45e-07
-5.78125e-07
3.6625e-07
1.10375e-06
8.2875e-07
4.3875e-07
4.89375e-07
8.89375e-07
8.1e-07
1.55625e-07
-7.3e-07
-1.38437e-06
-1.10375e-06
-2.11875e-07
