# stat 417 comp     2 type vel samp 8.000000 ndat 5652 s_x 12.600500 s_y 50.530499 s_z 0.528000 e_x 0.000000 e_y 0.000000 e_z 0.000000 start 2000-09-08 11:39:51.592010
-1.135e-06
-7.64375e-07
3.25e-08
1.10125e-06
1.54938e-06
1.34062e-06
8.13125e-07
5.825e-07
8.69375e-07
9.79375e-07
8.99375e-07
3.95e-07
-7.3125e-08
-3.625e-07
-6.1875e-07
-6.95625e-07
-1.15313e-06
-1.34312e-06
-1.04625e-06
-7.88125e-07
-6.60625e-07
-4.3375e-07
1.51875e-07
5.025e-07
6.225e-07
5.85e-07
4.65625e-07
4.55e-07
3.65625e-07
6e-07
5.65625e-07
-1.1375e-07
-6.18125e-07
-6.98125e-07
-6.99375e-07
-7.54375e-07
-4.43125e-07
-5.6875e-08
1.6625e-07
2.225e-07
-1.7e-07
-3.01875e-07
2.1125e-07
3.84375e-07
-1.9125e-07
-4.86875e-07
-7.625e-08
2.58125e-07
1.7625e-07
1.225e-07
5.19375e-07
6.05625e-07
1.49375e-07
-4.5625e-08
-2.24375e-07
-5.13125e-07
-6.76875e-07
-7.475e-07
-6.64375e-07
-4.4875e-07
-1.71875e-07
4.29375e-07
7.78125e-07
3.0625e-07
-3.3125e-08
-1.3625e-07
-2.5625e-08
-5.5e-08
-4.525e-07
-2.375e-07
-9.9375e-08
-1.53125e-07
4e-08
1.65625e-07
1.8e-07
-4.6875e-08
2.175e-07
2.35625e-07
-2.425e-07
-1.94375e-07
-3.0625e-07
-1.3125e-07
-6.25e-09
-3.9125e-07
-3.1625e-07
-2.98125e-07
-5.125e-08
3.51875e-07
4.34375e-07
6.7875e-07
3.25e-07
-7.25e-08
-2.9375e-08
-3.275e-07
-1.3875e-07
2.15625e-07
-1.3875e-07
-3.7125e-07
-2.3e-07
-1.975e-07
-2.66875e-07
-6.1875e-08
2.6125e-07
-9.1875e-08
-5.1625e-07
-3.875e-07
-3.96875e-07
-2.8375e-07
-2.025e-07
-1.31875e-07
9.25e-08
9.3125e-08
3.61875e-07
2.98125e-07
1.95625e-07
3.33125e-07
1.3875e-07
5.35625e-07
4.1e-07
-5.45625e-07
-7.41875e-07
-2.7375e-07
2.03125e-07
-1.43125e-07
-6.0875e-07
-7.15625e-07
-8.6375e-07
-4.11875e-07
-2.75e-08
1.5e-08
1.2e-07
2.0625e-07
4.84375e-07
4.34375e-07
5.84375e-07
7.76875e-07
2.325e-07
1.95e-07
1.6375e-07
-5.20625e-07
-1.16062e-06
-1.205e-06
-4.975e-07
-3.88125e-07
-6.25e-07
-5.08125e-07
-2.6625e-07
7.125e-08
1.875e-07
5.9e-07
5.9625e-07
2.73125e-07
2.975e-07
1.31875e-07
8.125e-08
-3.1e-07
-4.28125e-07
5.375e-08
9.75e-08
6.25e-09
-2.35625e-07
-2.15e-07
3.875e-08
-1.56875e-07
-5.93125e-07
-9.73125e-07
-8.7875e-07
-4.825e-07
-2.6875e-08
5.15e-07
9.2125e-07
8.925e-07
8.74375e-07
9.6375e-07
4.075e-07
-1.16875e-07
-7.5625e-08
3.75e-08
-4.75e-07
-9.49375e-07
-8.33125e-07
-9.6875e-07
-6.55625e-07
-1.01875e-07
1.58125e-07
5.95e-07
7.0125e-07
5.19375e-07
2.00625e-07
-1.7875e-07
-1.18125e-07
4.1125e-07
6.25e-07
1.13125e-07
-1.91875e-07
-4.7875e-07
-9.3125e-07
-6.19375e-07
-2.68125e-07
-4.13125e-07
-3.89375e-07
-1.74375e-07
-2.8625e-07
-3.03125e-07
1.45e-07
3.64375e-07
5.68125e-07
8.3875e-07
7.41875e-07
5.23125e-07
3.65e-07
5.625e-08
-3.2125e-07
-3.5375e-07
-5.225e-07
-1.14625e-06
-1.53125e-06
-1.24875e-06
-4.04375e-07
2.4e-07
2.575e-07
4.24375e-07
6.84375e-07
6.325e-07
9.125e-07
1.17937e-06
9.68125e-07
4.7625e-07
-1.79375e-07
-3.61875e-07
-4.525e-07
-8.49375e-07
-8.9125e-07
-6.83125e-07
-8.9e-07
-1.15438e-06
-7.36875e-07
-2.18125e-07
3.1375e-07
8.575e-07
1.04563e-06
1.0175e-06
7.98125e-07
4.6375e-07
1.65e-07
2.06875e-07
-2.075e-07
-5.15e-07
-3.08125e-07
-8.69375e-07
-1.21125e-06
-1.18812e-06
-1.10813e-06
-6.13125e-07
-2.5e-07
1.75e-07
7.0375e-07
8.8875e-07
9.8125e-07
1.155e-06
9.21875e-07
5.3e-07
1.325e-07
-1.39375e-07
-1.34375e-07
-5.075e-07
-6.475e-07
-7.4125e-07
-1.16438e-06
-1.04187e-06
-7.7875e-07
-7.5125e-07
-5.90625e-07
1.48125e-07
6.15e-07
8.4875e-07
1.53687e-06
1.20938e-06
6.75e-07
8.18125e-07
6.0625e-07
2.65625e-07
-1.26875e-07
-4.58125e-07
-7.6e-07
-1.01313e-06
-1.0575e-06
-1.05187e-06
-6.95e-07
-4.23125e-07
-2.5125e-07
1.85e-07
3.5625e-07
4.19375e-07
9.45e-07
1.24562e-06
9.19375e-07
6.69375e-07
2.39375e-07
-3.56875e-07
-9.025e-07
-1.18e-06
-1.08375e-06
-1.03812e-06
-4.075e-07
9.8125e-08
3.25e-08
2.5e-07
2.9375e-07
9.0625e-08
1.3e-07
5.00625e-07
6.99375e-07
6.5875e-07
5.99375e-07
4e-08
-4.9625e-07
-7.03125e-07
-6.9125e-07
-2.04375e-07
-2.08125e-07
-2.84375e-07
-3.225e-07
-8.14375e-07
-4.95625e-07
1.25e-09
1.9875e-07
3.95e-07
4.88125e-07
7.90625e-07
8.15e-07
6.8375e-07
4.65e-07
-1.00625e-07
-2.85e-07
-1.675e-07
-5.075e-07
-8.35625e-07
-5.7375e-07
-9.8125e-08
-9.75e-08
-6.59375e-07
-9.8375e-07
-5.38125e-07
-5.1875e-08
1.9375e-08
3.3625e-07
5.0875e-07
5.425e-07
7.88125e-07
6.00625e-07
3.99375e-07
-5e-08
-5.79375e-07
-5.49375e-07
-7.89375e-07
-8.4875e-07
-9.85625e-07
-7.83125e-07
2.21875e-07
4.25625e-07
7.34375e-07
6.925e-07
2.90625e-07
6.18125e-07
2.71875e-07
1.54375e-07
-1.1875e-07
-7.58125e-07
-5.5625e-07
-7.50625e-07
-8.2e-07
-5.8875e-07
-2.0375e-07
6.15e-07
7.36875e-07
4.74375e-07
7.9375e-08
-2.0625e-07
1.2e-07
2.08125e-07
6.6875e-08
-9.625e-08
-5.68125e-07
-3.6375e-07
2.6875e-07
3.95e-07
5.35625e-07
3.09375e-07
-2.0375e-07
-8.15625e-07
-1.41687e-06
-1.16563e-06
-5.9625e-07
3.9375e-08
3.5e-07
2.725e-07
3.48125e-07
2.6875e-07
4.93125e-07
8.5625e-07
9.0375e-07
5.5125e-07
-3.9375e-08
-2.925e-07
-6.9e-07
-8.125e-07
-3.01875e-07
-1.3625e-07
-4.64375e-07
-7.24375e-07
-3.625e-07
-3.8125e-08
-1.46875e-07
1.1125e-07
4.725e-07
7.7875e-07
9.65625e-07
5.6125e-07
-6.25e-09
-1.11875e-07
8.0625e-08
-1.06875e-07
-2.6e-07
-3.225e-07
-7.14375e-07
-6.9e-07
-5.5375e-07
-6.75625e-07
-5.41875e-07
-1.33125e-07
2.9375e-08
-3.05625e-07
1.01875e-07
1.08187e-06
1.03937e-06
6.4125e-07
4.89375e-07
2.38125e-07
-7.375e-08
-3.58125e-07
-2.45625e-07
-3.7625e-07
-8.55e-07
-9.26875e-07
-8.775e-07
-8.4375e-07
-6.35e-07
8.0625e-08
6.96875e-07
7.41875e-07
5.5875e-07
5.1875e-08
2.875e-08
6.04375e-07
8.26875e-07
5.03125e-07
-1.975e-07
-2.19375e-07
3.9375e-07
9.8125e-08
-5.525e-07
-7.0125e-07
-7.28125e-07
-9.225e-07
-9.3875e-07
-5.9e-07
-7.10625e-07
-4.6875e-07
3.9875e-07
8.1e-07
1.02375e-06
9.31875e-07
7.73125e-07
5.05e-07
2.0125e-07
1.75625e-07
-4.0625e-07
-7.8875e-07
-5.00625e-07
-6.05e-07
-9.7375e-07
-7.2875e-07
-9.5e-08
-1.4125e-07
-2.6125e-07
-3.375e-08
-9.375e-08
1.4375e-08
7.625e-08
2.89375e-07
9.45625e-07
8.08125e-07
1.21875e-07
-2.2125e-07
-1.5375e-07
-1.3625e-07
-5.38125e-07
-3.4375e-07
-7.625e-08
-5.1e-07
-6.51875e-07
-6.51875e-07
-3e-07
-3.75e-09
-1.0625e-08
4.33125e-07
6.9625e-07
1.08062e-06
9.48125e-07
1.91875e-07
1.275e-07
-8.5625e-08
-3.875e-07
-5.65e-07
-9.3125e-07
-8.25e-07
-4.725e-07
-8.625e-08
5e-09
-3.89375e-07
-4.2375e-07
-3.35e-07
3.6875e-08
8.1875e-07
9.125e-07
6.25e-07
1.975e-07
-1.775e-07
-9.25e-08
-1.1125e-07
-1.3375e-07
-2.48125e-07
-2.975e-07
-1.8125e-08
-1.65e-07
-6.3125e-07
-9.38125e-07
-5.45625e-07
2.00625e-07
1.2625e-07
1.33125e-07
3.41875e-07
1.35e-07
1.775e-07
2.0375e-07
3.68125e-07
3.10625e-07
1.38125e-07
2.925e-07
-1.68125e-07
-5.24375e-07
-6.20625e-07
-6.3875e-07
-6.575e-07
-6.825e-07
-1.9625e-07
-1.425e-07
-6.875e-09
4.48125e-07
3.2375e-07
2.98125e-07
2.5625e-07
-2.75e-08
-5.125e-08
1.75e-08
2.9e-07
6.03125e-07
3.24375e-07
-1.89375e-07
-5.10625e-07
-6.65625e-07
-8.19375e-07
-7.775e-07
-4.20625e-07
-4.90625e-07
-5.6625e-07
-2.89375e-07
2.03125e-07
5.35e-07
3.9125e-07
6.90625e-07
7.1e-07
4.03125e-07
1.075e-07
-3.3375e-07
-2.36875e-07
-3.40625e-07
-2.75625e-07
5.6875e-08
-1.53125e-07
-4.5e-07
-6.01875e-07
-2.29375e-07
9.875e-08
2.9375e-08
8.9375e-08
5.6875e-08
3.4375e-07
5.86875e-07
3.275e-07
1.54375e-07
-1.6125e-07
-4.45625e-07
-5.325e-07
-3.68125e-07
1.19375e-07
2.4125e-07
1.90625e-07
-1.25e-08
-6.05e-07
-8.9875e-07
-6.5625e-07
-2.24375e-07
3.30625e-07
8.95625e-07
7.16875e-07
3.09375e-07
3.25e-07
-6e-08
-3.8375e-07
-2.2375e-07
-2.21875e-07
-1.5875e-07
-1.95e-07
-4.275e-07
-5.66875e-07
-7.55e-07
-6.16875e-07
-3.2e-07
8.5625e-08
3.85e-07
4.2375e-07
4.8e-07
5.1875e-08
8.5e-08
4.46875e-07
3.09375e-07
1.85625e-07
-1e-07
-8.8125e-08
-2e-08
-1.95625e-07
-2.60625e-07
-4.06875e-07
-4.00625e-07
-5.91875e-07
-6.225e-07
-1.33125e-07
1.375e-07
6.9375e-08
-1.7e-07
6.6875e-08
5.75e-07
3.4375e-07
-1.11875e-07
-2.0125e-07
-2.75e-08
2.08125e-07
-1.86875e-07
-5.8e-07
-5.4e-07
-5.1625e-07
-1.0125e-07
1.71875e-07
1.63125e-07
1.275e-07
1.3125e-08
2.375e-08
-5.5625e-08
3.04375e-07
6.16875e-07
2.50625e-07
1.7e-07
2.125e-08
-3.98125e-07
-6.84375e-07
-7.9875e-07
-4.64375e-07
-3.0625e-07
-4.41875e-07
-4.05625e-07
-2.86875e-07
-2.18125e-07
-2.09375e-07
-1.0875e-07
2.1375e-07
7.58125e-07
7.875e-07
4.88125e-07
7.1125e-07
9.4125e-07
8.3625e-07
3.19375e-07
1.49375e-07
1.24125e-06
4.08375e-06
6.43312e-06
4.63375e-06
3.18375e-06
4.40375e-06
6.72563e-06
6.6425e-06
8.825e-07
1.69188e-06
3.31187e-06
-2.47563e-06
2.75e-08
-2.2125e-07
-1.03263e-05
-1.46388e-05
-1.41275e-05
-7.7425e-06
-4.1525e-06
-9.2775e-06
-4.19e-06
-2.2e-06
-8.555e-06
-2.3e-06
3.2175e-06
1.67687e-06
-6.85e-07
-1.44812e-06
3.73188e-06
4.8725e-06
7e-08
-1.92875e-06
-6.775e-07
-6.425e-07
-1.8625e-06
8.525e-07
5.255e-06
4.00438e-06
1.01438e-06
1.24687e-06
1.36938e-06
1.13313e-06
-1.08562e-06
-2.54063e-06
2.45437e-06
3.43188e-06
-5.625e-09
-7.9125e-07
-3.97375e-06
-4.635e-06
-2.18375e-06
1.45875e-06
9.75e-07
-5.85e-06
-2.1575e-06
2.045e-06
1.3125e-08
1.76937e-06
1.73313e-06
2.4225e-06
4.53625e-06
5.31812e-06
8.76313e-06
9.08063e-06
1.05563e-06
-4.83125e-07
4.78438e-06
-9.50625e-07
-7.50563e-06
-3.49812e-06
-2.86812e-06
-7.76813e-06
-5.84188e-06
1.45563e-06
4.71813e-06
2.95063e-06
1.99188e-06
3.20313e-06
4.44812e-06
5.63125e-06
2.55625e-06
-1.16875e-06
-8.225e-07
-2.45625e-07
3.34688e-06
4.01875e-07
-5.51062e-06
3.76875e-07
1.54875e-06
-1.14625e-06
-2.70625e-06
-5.75625e-06
-3.6125e-06
-4.78187e-06
-3.66625e-06
-1.3125e-06
-1.32875e-06
4.07875e-06
3.02312e-06
1.12313e-06
3.18375e-06
4.5875e-06
7.05062e-06
2.05062e-06
-2.12437e-06
2.06813e-06
4.21375e-06
3.4375e-07
-5.37625e-06
-6.36062e-06
-3.78813e-06
-1.87062e-06
1.76187e-06
2.40188e-06
-5.23313e-06
-4.79812e-06
4.41937e-06
-4.05625e-07
-4.34813e-06
2.16438e-06
-5.56563e-06
-8.87312e-06
2.83687e-06
3.85625e-07
-2.78688e-06
-8.95e-07
-4.4725e-06
1.0125e-06
5.2725e-06
4.15562e-06
3.30937e-06
-2.53125e-07
3.05187e-06
3.48063e-06
-2.21687e-06
1.01812e-06
4.09062e-06
-1.16188e-06
-3.83687e-06
-2.115e-06
-1.76625e-06
-1.83437e-06
-4.09687e-06
-4.22938e-06
1.61312e-06
2.48438e-06
1.00313e-06
2.16375e-06
3.295e-06
6.1075e-06
4.93375e-06
5.2375e-07
-5.2875e-07
1.5625e-06
7.89375e-07
-4.83312e-06
-4.53187e-06
-1.81875e-07
-3.14375e-07
1.195e-06
6.61875e-07
-6.06313e-06
-2.33312e-06
5.24438e-06
1.04937e-06
-1.26875e-06
-1.89375e-07
1.575e-06
4.71e-06
2.80812e-06
3.015e-06
3.96938e-06
1.735e-06
-1.29e-06
-4.0775e-06
-5.675e-07
-1.575e-06
-7.0825e-06
-3.4625e-06
-2.0625e-06
-5.44e-06
-2.6125e-06
6.225e-07
-5.76e-06
-6.43625e-06
4.62375e-06
2.85375e-06
1.29313e-06
1.15531e-05
1.01025e-05
4.5e-06
2.02687e-06
-1.30062e-06
-2.47437e-06
-5.62188e-06
-2.66437e-06
3.45812e-06
2.35312e-06
-1.46937e-06
-5.11437e-06
-4.54625e-06
-2.26375e-06
-9.6375e-07
-2.3375e-06
-5.2175e-06
-1.525e-07
5.4425e-06
2.6525e-06
-4.725e-07
4.70625e-07
-1.15625e-07
-1.61e-06
2.55e-07
2.07125e-06
2.81375e-06
2.31562e-06
2.25437e-06
3.89937e-06
4.91875e-07
-6.12312e-06
-6.89687e-06
-1.60438e-06
-8.875e-07
-5.5375e-06
-3.29688e-06
-4.04375e-07
-2.46812e-06
-1.23875e-06
1.01438e-06
4.11937e-06
3.3875e-06
-1.48e-06
4.2875e-06
9.33e-06
4.175e-06
6.6e-07
1.67813e-06
3.68375e-06
9.5375e-07
-2.95e-07
1.31625e-06
-1.49125e-06
-3.40562e-06
-3.11375e-06
-2.05875e-06
-6.18625e-06
-7.54563e-06
6.14375e-07
4.5125e-07
3.8875e-07
2.17125e-06
-2.85375e-06
-1.66625e-06
1.79625e-06
2.99125e-06
4.55062e-06
5.77125e-06
6.40938e-06
3.37937e-06
2.00063e-06
3.90875e-06
2.82625e-06
1.99625e-06
5.0625e-08
-8.61188e-06
-1.21619e-05
-6.72687e-06
-5.39563e-06
-4.18375e-06
1.07125e-06
1.30875e-06
1.995e-06
3.0275e-06
-1.3975e-06
-7.21875e-07
4.25062e-06
2.5925e-06
-4.96e-06
-6.39813e-06
-1.95813e-06
7.16875e-07
3.43937e-06
2.01e-06
2.50438e-06
5.24187e-06
-2.28125e-07
-3.53312e-06
5.69375e-07
-4.01875e-07
-4.35438e-06
-1.68188e-06
-1.07312e-06
-1.07e-06
1.7275e-06
1.53125e-07
-6.08125e-07
3.33187e-06
6.68688e-06
6.4975e-06
5.31625e-06
2.02875e-06
-2.47125e-06
-4.86938e-06
-6.69375e-06
-9.02563e-06
-7.98313e-06
-3.35563e-06
-2.43375e-06
-3.35875e-06
-3.1325e-06
-5.175e-07
1.39063e-06
-1.38938e-06
2.12062e-06
9.24063e-06
9.94625e-06
7.28625e-06
5.8425e-06
7.785e-06
5.1875e-06
9.05e-07
3.28562e-06
2.70813e-06
-1.18438e-06
-9.8125e-07
-1.53437e-06
-4.35937e-06
-5.04375e-06
-7.1925e-06
-9.72375e-06
-6.91875e-06
-6.1875e-07
3.27625e-06
4.40812e-06
6.91188e-06
6.00063e-06
3.86687e-06
3.57938e-06
2.59375e-07
-2.72062e-06
-4.36437e-06
-6.3225e-06
-6.59875e-06
-4.02375e-06
-1.16625e-06
-6.2875e-07
-1.4525e-06
-4.845e-06
-6.95875e-06
-2.28375e-06
1.85125e-06
4.34562e-06
9.02812e-06
1.06731e-05
5.05563e-06
-3.33437e-06
-2.34687e-06
1.95313e-06
7.775e-07
-1.8e-06
-3.97063e-06
-4.12875e-06
-6.38875e-06
-7.36687e-06
-5.88062e-06
-3.79125e-06
-1.9375e-07
2.34125e-06
9.07375e-06
1.04319e-05
5.20938e-06
5.1075e-06
6.325e-07
-1.85687e-06
1.02812e-06
-2.98437e-06
-3.89625e-06
-9.6875e-07
-1.61875e-07
-7.7875e-07
-1.6725e-06
6.94375e-07
-1.30937e-06
-2.82812e-06
-1.1125e-06
-2.32187e-06
-3.6125e-06
-6.03063e-06
-2.78562e-06
1.98688e-06
3.9875e-07
1.87563e-06
5.68312e-06
5.72e-06
2.365e-06
1.01625e-06
1.71438e-06
-9.43125e-07
-2.1025e-06
-1.58125e-06
-2.17625e-06
-3.47e-06
-5.00187e-06
-1.99437e-06
-2.8375e-07
4.88125e-07
4.09812e-06
3.88438e-06
1.29687e-06
2.70937e-06
6.15187e-06
2.20188e-06
-9.55625e-07
1.01687e-06
1.51312e-06
3.06688e-06
1.41875e-06
-1.35125e-06
-1.7025e-06
-3.80062e-06
-4.215e-06
-2.75e-08
1.04e-06
-5.15625e-07
1.90625e-06
1.55812e-06
7.9125e-07
4.20375e-06
3.23688e-06
-7.33125e-07
-2.00688e-06
-9.5e-07
-7.0625e-08
-4.84375e-07
1.45937e-06
2.80187e-06
-2.09063e-06
-5.89812e-06
-1.89313e-06
-8.91875e-07
-4.42188e-06
-2.44e-06
-1.99e-06
-2.36687e-06
8.43125e-07
-9.575e-07
-2.21063e-06
1.9375e-08
-1.03062e-06
1.51125e-06
6.51625e-06
2.84375e-06
-6.7875e-07
3.12125e-06
-2.875e-08
-3.93625e-06
3.73625e-06
4.46813e-06
-2.20937e-06
-2.66687e-06
-1.3825e-06
-3.8875e-07
7.29375e-07
2.61812e-06
2.25437e-06
1.35938e-06
4.94187e-06
2.56437e-06
-4.01563e-06
-1.87875e-06
4.15375e-06
1.29625e-06
-5.60625e-06
-4.5175e-06
-3.35e-07
1.98812e-06
1.61187e-06
6.8875e-07
-6.49375e-07
-1.4e-06
3.1125e-06
9.175e-07
-5.7025e-06
-3.51187e-06
-2.44937e-06
-5.25938e-06
-2.47938e-06
8.58125e-07
1e-06
7.15e-07
1.82312e-06
8.11562e-06
9.64937e-06
4.74438e-06
5.41875e-07
-3.26813e-06
-3.88125e-07
3.00438e-06
2.69875e-06
4.22938e-06
2.49687e-06
-1.53125e-07
1.07187e-06
2.43875e-06
-1.19125e-06
-1.00612e-05
-1.45412e-05
-1.31119e-05
-1.15063e-05
-9.2775e-06
-4.8125e-06
1.3875e-06
5.0425e-06
4.835e-06
4.8775e-06
5.84313e-06
6.05062e-06
8.95563e-06
1.17506e-05
9.21937e-06
2.99938e-06
-2.10813e-06
8.94375e-07
7.68125e-07
-1.04219e-05
-1.40669e-05
-7.74687e-06
-7.75437e-06
-8.30562e-06
-1.80063e-06
-3.11875e-07
-3.51438e-06
-1.38938e-06
2.20312e-06
-8.34375e-07
-2.9775e-06
4.535e-06
9.8725e-06
7.76937e-06
6.58438e-06
5.02313e-06
3.59313e-06
5.9e-06
7.64437e-06
4.55188e-06
-5.11062e-06
-1.40181e-05
-1.56175e-05
-1.201e-05
-7.3525e-06
-8.18375e-06
-6.70188e-06
-2.29375e-07
3.23812e-06
1.42881e-05
2.96481e-05
3.39006e-05
3.89056e-05
4.80256e-05
5.17356e-05
5.48781e-05
4.66706e-05
2.71006e-05
1.21806e-05
-9.96938e-06
-3.68994e-05
-4.99194e-05
-5.88644e-05
-7.30144e-05
-7.62419e-05
-5.93719e-05
-3.67619e-05
-1.87719e-05
-1.95187e-06
7.43813e-06
9.2675e-06
1.15081e-05
5.97062e-06
-1.43188e-06
-2.95812e-06
-2.07438e-06
4.75e-08
-7.4825e-06
-7.58187e-06
1.12881e-05
2.06231e-05
1.59531e-05
9.84312e-06
2.37062e-06
-1.56294e-05
-3.36494e-05
-4.07044e-05
-5.12844e-05
-5.25487e-05
-3.53087e-05
-1.52288e-05
8.71125e-06
4.13113e-05
6.93712e-05
7.37037e-05
5.99738e-05
4.77837e-05
3.95587e-05
2.60787e-05
6.41875e-06
-1.56112e-05
-3.95212e-05
-5.41213e-05
-4.95412e-05
-4.19638e-05
-3.68237e-05
-2.24137e-05
-6.56375e-06
4.85625e-06
1.40713e-05
2.09463e-05
2.22256e-05
1.90456e-05
2.37956e-05
3.19531e-05
3.39119e-05
3.77594e-05
4.14219e-05
3.40569e-05
2.15069e-05
7.42688e-06
-2.74562e-06
-1.11431e-05
-3.03231e-05
-4.32731e-05
-5.14281e-05
-5.68856e-05
-4.04356e-05
-1.93556e-05
-2.99562e-06
1.08744e-05
2.20844e-05
3.06044e-05
2.71319e-05
2.53744e-05
2.45825e-05
1.6345e-05
1.40631e-05
2.04156e-05
2.88931e-05
2.99119e-05
2.05319e-05
4.41188e-06
-1.10781e-05
-2.22681e-05
-2.96456e-05
-3.51706e-05
-4.32856e-05
-4.45569e-05
-3.80344e-05
-3.26194e-05
-1.71794e-05
1.28306e-05
2.84706e-05
3.44556e-05
4.89756e-05
4.53256e-05
3.16856e-05
2.73131e-05
1.96606e-05
5.20625e-07
-1.89394e-05
-1.86975e-05
-1.063e-05
-9.4975e-06
-1.34225e-05
-1.61375e-05
-1.08725e-05
-9.87625e-06
-1.96287e-05
-2.76437e-05
-2.73931e-05
-2.08381e-05
-9.73813e-06
-6.48125e-07
2.57687e-06
3.74125e-06
4.70312e-06
9.72812e-06
1.22231e-05
6.28562e-06
7.93125e-07
-4.97937e-06
-1.00119e-05
-1.29744e-05
-1.66344e-05
-1.54781e-05
-7.29063e-06
2.58687e-06
1.07069e-05
2.15969e-05
2.52594e-05
1.23094e-05
-4.00625e-07
-2.55813e-06
-6.675e-07
-1.3975e-06
2.1875e-06
9.08e-06
1.34925e-05
2.54725e-05
2.86525e-05
1.73425e-05
1.2615e-05
1.955e-06
-1.1625e-05
-1.6015e-05
-2.14625e-05
-2.46525e-05
-2.84525e-05
-2.5105e-05
-1.0325e-05
3.135e-06
1.4235e-05
1.74825e-05
2.24725e-05
3.01425e-05
2.65975e-05
1.54975e-05
2.4275e-06
-6.1225e-06
-1.5695e-05
-2.04625e-05
-7.8625e-06
-1.74e-06
-8.68e-06
-8.14562e-06
-5.30563e-06
-1.37506e-05
-2.28381e-05
-2.65256e-05
-3.49881e-05
-3.36544e-05
-1.27244e-05
7.38562e-06
1.55706e-05
2.17206e-05
3.84706e-05
4.60381e-05
3.76956e-05
3.61338e-05
2.60787e-05
6.65875e-06
-1.48375e-06
-6.01875e-06
-1.31138e-05
-2.27063e-05
-2.68787e-05
-2.05212e-05
-8.86125e-06
6.1625e-07
1.61187e-06
8.1e-07
-9.01875e-07
-1.69188e-06
2.62563e-06
2.8975e-06
-1.08e-06
2.43125e-07
4.10063e-06
3.60562e-06
5.57688e-06
1.10769e-05
1.16425e-05
6.08e-06
-7.425e-07
-6e-06
-1.343e-05
-1.8325e-05
-1.71275e-05
-1.6e-05
-1.188e-05
-3.11e-06
5.9675e-06
9.89e-06
5.855e-06
8.38813e-06
1.78706e-05
2.17256e-05
2.76956e-05
2.65331e-05
1.58531e-05
1.62606e-05
1.41325e-05
3.2625e-06
-3.14e-06
-5.8425e-06
-5.05812e-06
-8.99063e-06
-1.62906e-05
-1.65188e-05
-1.63719e-05
-1.98594e-05
-1.66119e-05
-2.34187e-06
5.30812e-06
-3.51875e-07
-5.95e-07
6.6525e-06
5.84875e-06
1.51875e-06
2.17187e-06
-2.54063e-06
-5.61563e-06
-2.60063e-06
-7.88812e-06
-1.30181e-05
-1.4285e-05
-1.3855e-05
-5.495e-06
-3.625e-07
-3.5225e-06
-3.545e-06
3.3025e-06
8.44e-06
1.03656e-05
1.05706e-05
8.76875e-06
8.80125e-06
6.60125e-06
1.9125e-07
-1.37387e-05
-2.14237e-05
-1.29663e-05
-1.45219e-05
-2.02494e-05
-1.36219e-05
-8.82187e-06
-8.86938e-06
-1.28687e-06
8.50313e-06
2.66062e-06
-5.27937e-06
-1.84188e-06
-7.4375e-08
-2.66687e-06
-9.26875e-07
4.69563e-06
3.565e-06
-1.83e-06
-2.935e-06
-1.25e-08
6.0975e-06
1.0575e-05
8.875e-06
3.26e-06
-2.35e-06
-7.045e-06
-6.19187e-06
-5.05875e-06
-8.89125e-06
-3.6625e-06
8.7275e-06
1.70525e-05
2.0735e-05
2.38025e-05
3.1445e-05
3.3415e-05
2.5725e-05
1.86875e-05
1.0525e-05
-1.315e-06
-8.935e-06
-9.03812e-06
-9.05188e-06
-1.22269e-05
-1.241e-05
-4.545e-06
2.4225e-06
5.0625e-06
8.5e-06
7.255e-06
4.275e-07
-4.1225e-06
-1.79813e-06
-5.87312e-06
-1.14331e-05
-4.81813e-06
1.21437e-06
3.79188e-06
2.02063e-06
-1.06938e-06
-3.40688e-06
-1.18369e-05
-1.84419e-05
-1.93819e-05
-2.14406e-05
-2.47231e-05
-1.91281e-05
-2.43812e-06
8.17188e-06
2.35938e-06
-4.10812e-06
-2.48937e-06
-1.36062e-06
4.97688e-06
1.11869e-05
6.70687e-06
5.87188e-06
2.54438e-06
-2.17313e-06
8.64688e-06
1.69769e-05
1.47387e-05
1.30781e-05
1.19187e-05
6.53125e-06
-1.02875e-06
-6.20125e-06
-9.68125e-06
-1.46263e-05
-1.91137e-05
-1.7255e-05
-1.27225e-05
-2.3325e-06
1.07575e-05
1.40825e-05
1.47e-05
1.763e-05
1.799e-05
1.0865e-05
9.075e-07
-8.6875e-08
6.32313e-06
7.7325e-06
1.075e-07
7.45625e-07
8.72312e-06
2.45812e-06
-4.93188e-06
3.53125e-07
1.07437e-06
-1.01056e-05
-2.18456e-05
-2.70631e-05
-2.7995e-05
-2.481e-05
-1.155e-05
5.41e-06
1.3915e-05
1.76325e-05
2.0615e-05
2.7005e-05
3.396e-05
2.8615e-05
1.2745e-05
-4.5e-08
-2.23e-06
-1.0475e-05
-3.2525e-05
-3.97125e-05
-2.85625e-05
-2.19e-05
-1.30675e-05
1.3425e-06
7.3625e-06
8.35875e-06
1.00663e-05
1.04456e-05
1.10706e-05
8.91187e-06
1.79688e-06
8.99375e-07
7.24688e-06
1.53544e-05
2.08519e-05
1.34494e-05
6.77937e-06
6.9275e-06
-1.965e-06
-1.098e-05
-1.6735e-05
-2.7985e-05
-3.49725e-05
-2.848e-05
-1.098e-05
-2.6675e-06
-8.3675e-06
-1.75e-06
1.263e-05
2.269e-05
3.171e-05
2.94087e-05
1.64088e-05
1.97875e-06
-7.26875e-06
-9.76625e-06
-8.38937e-06
-6.68125e-06
-1.02887e-05
-1.15544e-05
-6.52937e-06
-3.83938e-06
-6.34312e-06
-1.38456e-05
-2.23831e-05
-1.95156e-05
-8.14562e-06
-9.75625e-07
7.77937e-06
1.72769e-05
1.95256e-05
1.28856e-05
4.59562e-06
6.53813e-06
8.76375e-06
3.75875e-06
1.8075e-06
3.83687e-06
2.17063e-06
-3.17937e-06
-4.75875e-06
-4.55062e-06
-1.11856e-05
-1.2885e-05
-2.915e-06
-6.325e-07
-7.62e-06
-9.50813e-06
-9.1375e-06
-8.66938e-06
3.11062e-06
2.02406e-05
2.66906e-05
2.60075e-05
2.582e-05
2.68519e-05
2.49481e-05
1.43081e-05
-2.53187e-06
-1.73919e-05
-2.09219e-05
-1.74219e-05
-1.77838e-05
-2.03912e-05
-1.90919e-05
-1.29919e-05
-8.77188e-06
-6.29625e-06
-1.65375e-06
7.44375e-06
1.95738e-05
2.36462e-05
2.13094e-05
2.51494e-05
2.39481e-05
1.26781e-05
8.20062e-06
-1.06688e-06
-1.58269e-05
-1.92769e-05
-1.96344e-05
-2.21088e-05
-2.12062e-05
-1.52437e-05
-1.32806e-05
-1.18519e-05
-4.37688e-06
3.84063e-06
1.54206e-05
2.63606e-05
2.83469e-05
2.05394e-05
1.43769e-05
1.00544e-05
-6.15625e-07
-8.69312e-06
-1.72956e-05
-2.40081e-05
-2.3215e-05
-2.17863e-05
-1.78487e-05
-1.14238e-05
-6.03625e-06
-2.81125e-06
5.19625e-06
1.10262e-05
7.17625e-06
8.55125e-06
1.23063e-05
8.98125e-06
1.38625e-06
-2.97375e-06
1.7875e-07
-3.21375e-06
-1.06762e-05
-9.9525e-06
-1.00469e-05
-8.33437e-06
-4.15688e-06
-2.07062e-06
-2.72875e-06
-5.42875e-06
2.44125e-06
9.31625e-06
1.01531e-05
1.67081e-05
1.86025e-05
1.84244e-05
2.17744e-05
2.00187e-05
1.02562e-05
-3.63375e-06
-1.16413e-05
-1.70237e-05
-1.91994e-05
-9.58188e-06
-7.25063e-06
-1.45006e-05
-1.27488e-05
-2.38875e-06
5.78625e-06
7.16e-06
7.95688e-06
5.77187e-06
2.49937e-06
6.6625e-07
-3.87625e-06
-7.54375e-06
-4.56375e-06
4.65625e-06
8.54125e-06
1.12538e-05
1.54187e-05
1.6585e-05
1.88894e-05
1.14594e-05
-2.64062e-06
-1.23931e-05
-1.79356e-05
-1.96344e-05
-2.15931e-05
-1.57681e-05
-6.10562e-06
-2.33062e-06
5.74188e-06
1.71619e-05
2.55019e-05
2.80006e-05
2.36031e-05
1.49756e-05
5.66312e-06
6.3125e-08
-5.60937e-06
-8.36687e-06
-5.56937e-06
-4.42625e-06
-7.19375e-06
-1.30612e-05
-1.25031e-05
-1.12619e-05
-1.97444e-05
-2.01681e-05
-1.17081e-05
-9.46687e-06
-6.74437e-06
-4.19375e-07
1.0125e-06
2.43125e-07
5.18312e-06
1.57731e-05
1.97706e-05
1.61706e-05
1.75513e-05
1.72481e-05
5.89812e-06
-8.98187e-06
-1.64194e-05
-1.69469e-05
-2.15069e-05
-2.48794e-05
-1.27694e-05
-8.19375e-07
-1.32125e-06
-1.45062e-06
4.51938e-06
9.84187e-06
4.39938e-06
1.67437e-06
5.78937e-06
8.61687e-06
1.91969e-05
2.42519e-05
1.65119e-05
8.10687e-06
3.81187e-06
1.12437e-06
-7.94813e-06
-1.13856e-05
-6.53062e-06
-1.04456e-05
-1.75656e-05
-2.25581e-05
-2.62531e-05
-2.50925e-05
-1.782e-05
-1.88e-06
1.074e-05
1.4955e-05
1.961e-05
2.08462e-05
1.87594e-05
1.42169e-05
7.94687e-06
3.33937e-06
-3.53812e-06
-3.10625e-06
-9.8625e-07
-7.85375e-06
-1.05612e-05
-9.48563e-06
-6.94063e-06
-6.09125e-06
-9.3875e-07
6.93625e-06
4.84937e-06
7.73187e-06
8.655e-06
7.625e-07
-5.0075e-06
-4.99125e-06
4.13875e-06
8.43125e-06
1.017e-05
1.54975e-05
1.55744e-05
1.03244e-05
-1.68562e-06
-1.08431e-05
-1.16413e-05
-9.9875e-06
-1.0045e-05
-1.5615e-05
-1.901e-05
-1.53e-05
-9.0225e-06
-5.66e-06
1.4925e-06
1.14475e-05
1.678e-05
2.814e-05
3.24775e-05
2.486e-05
1.89675e-05
7.5975e-06
8e-08
-7.55625e-07
-8.63312e-06
-2.10731e-05
-3.08981e-05
-2.9795e-05
-2.2305e-05
-1.76575e-05
-1.182e-05
-7.315e-06
-4.335e-06
3.8375e-06
1.23975e-05
1.41863e-05
1.15662e-05
1.32669e-05
1.91594e-05
2.11881e-05
1.48981e-05
1.96812e-06
-6.46687e-06
-7.18687e-06
-9.80687e-06
-1.16225e-05
-9.04e-06
-1.15938e-05
-1.285e-05
-5.5175e-06
3.1525e-06
5.91e-06
-8.35e-07
-3.095e-06
-2.88e-06
-6.615e-06
4.325e-07
1.25825e-05
1.34181e-05
5.71813e-06
4.01187e-06
6.17688e-06
1.16169e-05
1.39956e-05
2.05562e-06
-5.70437e-06
-8.09813e-06
-1.02519e-05
-1.00031e-05
-1.00744e-05
-8.02687e-06
-6.6e-06
-1.7725e-06
2.8825e-06
1.11625e-06
-1.62875e-06
-1.06625e-06
-5.2125e-07
-5.63125e-06
-1.25138e-05
-1.40462e-05
-3.09625e-06
1.29837e-05
2.15212e-05
2.10431e-05
1.43031e-05
7.60062e-06
1.55313e-06
-1.52437e-06
-4.92188e-06
-8.23437e-06
-3.84437e-06
-5.12062e-06
-1.05556e-05
-1.11719e-05
-1.06869e-05
-5.20438e-06
2.09063e-06
7.56062e-06
1.09931e-05
1.48056e-05
2.01656e-05
1.99794e-05
1.22744e-05
-1.49563e-06
-7.32812e-06
1.68188e-06
3.315e-06
-6.0375e-06
-1.22025e-05
-1.51925e-05
-1.63569e-05
-1.32819e-05
-7.27687e-06
-1.88438e-06
5.18812e-06
1.36131e-05
1.83156e-05
1.29806e-05
3.53063e-06
2.99812e-06
2.98875e-06
1.875e-08
1.76875e-06
2.79375e-06
-1.82625e-06
-3.00875e-06
9.4625e-07
-4.13375e-06
-1.35462e-05
-1.86187e-05
-2.31387e-05
-2.19394e-05
-1.52269e-05
-3.70688e-06
3.08312e-06
4.15625e-07
2.0375e-06
6.93e-06
1.442e-05
2.00875e-05
1.98537e-05
1.32113e-05
3.48125e-06
-1.61125e-06
-9.35125e-06
-1.28063e-05
-4.05625e-06
3.91375e-06
-1.3125e-07
-9.77625e-06
-1.44813e-05
-1.39725e-05
-6.0775e-06
3.4425e-06
5.41687e-06
2.72687e-06
3.61875e-07
5.71875e-07
2.62687e-06
3.88e-06
7.04e-06
1.36175e-05
1.50944e-05
1.10869e-05
9.27375e-06
7.69e-06
7.81875e-06
5.62437e-06
-4.81562e-06
-1.33256e-05
-1.84956e-05
-1.98337e-05
-1.42663e-05
-6.05375e-06
6.7875e-07
4.59625e-06
1.09212e-05
1.50938e-05
1.33713e-05
1.11994e-05
5.28437e-06
-3.29313e-06
-1.19231e-05
-1.83356e-05
-1.23431e-05
3.76875e-07
6.46438e-06
9.94688e-06
1.35419e-05
1.21319e-05
9.9075e-06
9.07813e-06
1.12313e-06
-1.48369e-05
-2.39269e-05
-1.72869e-05
-1.03469e-05
-1.18806e-05
-7.15063e-06
5.15938e-06
1.06644e-05
1.14294e-05
1.29931e-05
1.23288e-05
1.38969e-05
1.86869e-05
1.20919e-05
-5.32813e-06
-1.30906e-05
-1.549e-05
-1.88525e-05
-1.4995e-05
-4.375e-06
5.4275e-06
-1.05e-07
-9.4975e-06
-1.08219e-05
-9.55062e-06
-1.46062e-06
7.11688e-06
1.39019e-05
1.65969e-05
1.31369e-05
1.27206e-05
8.12063e-06
-5.74937e-06
-1.61394e-05
-1.38069e-05
-2.69688e-06
6.06813e-06
4.69125e-06
-6.18875e-06
-1.41313e-05
-1.201e-05
-9.52125e-06
-7.37375e-06
-3.10125e-06
-2.19563e-06
2.34937e-06
1.06219e-05
5.57937e-06
-7.30062e-06
-7.44938e-06
6.3125e-08
5.36813e-06
1.19381e-05
1.03825e-05
2.5275e-06
3.95125e-06
5.51062e-06
3.99125e-06
6.25312e-06
1.10881e-05
1.27544e-05
4.56187e-06
-4.88563e-06
-1.46681e-05
-2.21731e-05
-1.68906e-05
-6.32062e-06
3.87187e-06
1.14944e-05
1.42244e-05
1.28419e-05
8.82688e-06
2.21437e-06
-8.02562e-06
-1.51606e-05
-1.57712e-05
-1.28763e-05
-6.53375e-06
2.11625e-06
7.10125e-06
8.85812e-06
1.29981e-05
1.52706e-05
1.16306e-05
4.74063e-06
-5.48688e-06
-1.70669e-05
-2.06069e-05
-1.48519e-05
-6.97687e-06
3.84312e-06
1.28731e-05
1.32662e-05
1.29225e-05
9.9025e-06
-2.9375e-06
-1.2395e-05
-1.15756e-05
-8.55813e-06
-2.92313e-06
3.02937e-06
4.00938e-06
4.21625e-06
4.84688e-06
7.13687e-06
9.0025e-06
4.415e-06
5e-09
-2.665e-06
-7.735e-06
-7.5575e-06
-3.605e-06
-4.17875e-06
-1.92e-06
3.0625e-06
2.77375e-06
2.92063e-06
4.8925e-06
3.01375e-06
-2.38625e-06
-5.53875e-06
-5.375e-06
-8.4875e-06
-1.08381e-05
-4.34562e-06
6.39437e-06
1.53169e-05
1.58175e-05
5.7425e-06
-2.58e-06
-2.45e-06
-2.09438e-06
-2.86875e-07
4.26812e-06
2.09375e-06
-1.0625e-08
-3.13813e-06
-7.13313e-06
1.16875e-07
4.96937e-06
1.61937e-06
-1.97563e-06
-1.40125e-06
-1.12687e-06
-8.99187e-06
-1.36144e-05
-8.28438e-06
4.33125e-07
1.59062e-06
-5.1875e-07
5.08375e-06
7.27187e-06
2.26438e-06
-1.02563e-06
-1.81875e-07
3.74313e-06
7.78562e-06
7.74437e-06
1.75937e-06
-3.69312e-06
-3.06312e-06
-1.14625e-06
2.46875e-06
6.30875e-06
4.865e-06
3.0575e-06
-5.55e-07
-4.2775e-06
-3.65875e-06
-8.59625e-06
-1.33987e-05
-1.05612e-05
-8.07e-06
-1.595e-06
5.8375e-06
5.705e-06
2.39e-06
-1.5525e-06
-4.6375e-06
-2.93375e-06
1.92875e-06
-4.84375e-07
-3.15188e-06
-1.13562e-06
-2.1125e-07
7.36375e-06
1.39613e-05
1.30681e-05
7.14562e-06
-1.63938e-06
-6.83938e-06
-9.60937e-06
-5.25938e-06
-1.53437e-06
-5.96437e-06
-6.64625e-06
-4.37813e-06
-1.42562e-06
1.92688e-06
3.38063e-06
8.03562e-06
1.26756e-05
1.104e-05
8.255e-06
5.1e-06
-9.825e-07
-1.9925e-06
2.275e-06
1.13875e-06
-2.77125e-06
-4.77938e-06
-5.93313e-06
-3.50937e-06
-1.08062e-06
-7.4e-07
1.9e-07
7.0125e-07
-4.23125e-06
-9.68875e-06
-4.68625e-06
1.35625e-06
4.59625e-06
9.48375e-06
8.9575e-06
4.635e-06
3.51812e-06
2.61125e-06
-9.8125e-07
-3.4975e-06
-4.8625e-06
-4.72625e-06
-3.43375e-06
-2.35562e-06
-4.75e-07
-1.25e-07
1.09375e-07
1.88187e-06
1.21938e-06
-1.16937e-06
-2.71938e-06
-4.2675e-06
-3.45562e-06
-1.76125e-06
-2.93125e-07
-1.12687e-06
-3.74437e-06
-2.80312e-06
-1.66562e-06
2.37938e-06
5.01188e-06
6.93438e-06
1.15894e-05
4.92688e-06
-4.57312e-06
-7.33563e-06
-6.09188e-06
-1.98187e-06
-2.9275e-06
-5.9925e-06
-5.68125e-06
-5.60438e-06
-4.14625e-06
2.2875e-07
3.96125e-06
9.47375e-06
1.17869e-05
5.46187e-06
1.31688e-06
1.48375e-06
-5.33125e-07
-2.37875e-06
-4.95e-07
5.81e-06
1.14125e-05
8.275e-06
1.8125e-06
-3.985e-06
-9.9825e-06
-1.24394e-05
-1.24412e-05
-6.25125e-06
2.04375e-06
3.455e-06
4.08875e-06
4.25313e-06
5.23125e-07
-5.21187e-06
-7.32187e-06
-3.50437e-06
-5.39375e-07
2.72562e-06
5.38312e-06
3.4475e-06
1.94188e-06
2.95625e-07
-2.39438e-06
-2.375e-06
-7.475e-07
-7.40625e-07
-1.90187e-06
-1.69e-06
3e-08
1.36938e-06
3.48125e-07
-9.7625e-07
-4.32875e-06
-1.03738e-05
-8.2775e-06
3.1425e-06
1.44325e-05
2.107e-05
1.93212e-05
8.77125e-06
-2.22875e-06
-1.05438e-05
-1.14131e-05
-3.27313e-06
-1.51625e-06
-7.74875e-06
-1.16538e-05
-9.42125e-06
-4.22125e-06
-1.10625e-06
3.25375e-06
1.03638e-05
1.62688e-05
1.83325e-05
1.537e-05
8.0175e-06
-4.5125e-06
-1.50025e-05
-1.085e-05
-2.055e-06
2.1225e-06
3.70875e-06
-5.7375e-07
-3.42875e-06
-6.8875e-07
1.9875e-07
-2.68625e-06
-4.38375e-06
-4.66625e-06
-2.31438e-06
1.21563e-06
-2.9125e-07
-1.48125e-07
2.30437e-06
2.67625e-06
-1.61375e-06
-7.28375e-06
-1.17125e-06
5.02375e-06
3.39625e-06
3.9425e-06
5.925e-07
-6.0875e-06
-1.13175e-05
-1.22531e-05
-8.28062e-06
-6.06938e-06
-1.68938e-06
3.25063e-06
3.94375e-06
4.61187e-06
9.24937e-06
1.47619e-05
1.05969e-05
1.62438e-06
-1.31875e-07
4.74375e-07
-2.32563e-06
-3.88312e-06
-3.58125e-07
4.86438e-06
5.0775e-06
4.975e-07
-4.7225e-06
-9.775e-06
-1.21087e-05
-1.18544e-05
-1.23081e-05
-1.234e-05
-6.0175e-06
5.0125e-06
1.259e-05
1.98275e-05
2.279e-05
1.69875e-05
1.35975e-05
9.41e-06
-1.24e-06
-9.455e-06
-1.26375e-05
-1.41888e-05
-1.276e-05
-6.015e-06
2.2425e-06
3.74125e-06
-9.6375e-07
-2.3175e-06
-1.52687e-06
-3.90375e-06
-3.45562e-06
-8.85625e-07
-4.85813e-06
-8.61312e-06
-5.82312e-06
9.31875e-07
1.43419e-05
2.39394e-05
2.20506e-05
1.75931e-05
1.02731e-05
-7.96875e-07
-9.83438e-06
-1.41344e-05
-1.75619e-05
-1.96856e-05
-1.761e-05
-1.63706e-05
-1.34356e-05
-5.46313e-06
3.96187e-06
1.02644e-05
1.0195e-05
8.96625e-06
1.0625e-05
1.45625e-05
1.41919e-05
7.42188e-06
3.38938e-06
6.4375e-08
-4.35812e-06
-7.69562e-06
-1.1935e-05
-1.06381e-05
-5.38812e-06
-1.85812e-06
1.10938e-06
1.415e-06
3.49e-06
7.095e-06
9.02875e-06
1.01725e-05
5.7425e-06
-2.175e-06
-8.415e-06
-5.88188e-06
2.72312e-06
5.35063e-06
6.91688e-06
9.93187e-06
8.28312e-06
1.39812e-06
-6.04688e-06
-1.17419e-05
-1.53569e-05
-1.07544e-05
-4.41437e-06
-3.65375e-06
2.33125e-06
1.25387e-05
1.35656e-05
6.06313e-06
-2.89375e-07
-3.13188e-06
-6.30688e-06
-7.7175e-06
-5.67438e-06
-3.70625e-06
9.7125e-07
4.49625e-06
4.49625e-06
4.00687e-06
-2.52312e-06
-9.51562e-06
-1.10356e-05
-9.2375e-06
-7.25063e-06
-6.6625e-06
-3.8175e-06
-1.135e-06
3.67e-06
1.2335e-05
1.44269e-05
1.38412e-05
1.72137e-05
1.47538e-05
6.23125e-06
-3.04625e-06
-8.68875e-06
-9.21937e-06
-1.23419e-05
-1.42338e-05
-1.18338e-05
-9.99625e-06
-7.8825e-06
-3.925e-06
1.15e-06
4.3625e-06
5.635e-06
6.92062e-06
1.00256e-05
1.47581e-05
1.65125e-05
1.36875e-05
9.6e-06
3.0775e-06
-5.775e-06
-1.2535e-05
-1.60425e-05
-1.33875e-05
-8.5e-06
-1.00813e-05
-1.52887e-05
-1.48956e-05
-9.21312e-06
-5.83562e-06
-1.08562e-06
8.83437e-06
1.70044e-05
2.12469e-05
2.1495e-05
1.84125e-05
1.413e-05
7.0175e-06
3.1875e-06
1.84375e-06
-7.06375e-06
-1.64587e-05
-1.77556e-05
-1.36206e-05
-8.51812e-06
-5.89313e-06
-3.53438e-06
9.25625e-07
5.12812e-06
7.00062e-06
6.25063e-06
4.37688e-06
1.53437e-06
-5.85625e-07
1.1875e-08
1.96312e-06
5.53813e-06
8.0125e-06
4.985e-06
-9.475e-07
-2.99375e-07
3.77312e-06
-1.02687e-06
-7.65687e-06
-1.00194e-05
-1.25169e-05
-1.31769e-05
-1.34494e-05
-1.37056e-05
-8.29312e-06
6.46875e-07
5.67438e-06
6.20062e-06
6.9525e-06
8.81e-06
1.05425e-05
1.24244e-05
1.28944e-05
9.34438e-06
5.67438e-06
4.67813e-06
1.00625e-07
-6.61687e-06
-8.565e-06
-6.76e-06
-5.28625e-06
-7.18812e-06
-1.07031e-05
-1.30962e-05
-1.229e-05
-5.765e-06
3.0325e-06
1.13825e-05
1.60475e-05
1.51425e-05
1.4445e-05
1.2895e-05
8.7675e-06
4.205e-06
-8.975e-07
-5.255e-06
-1.19675e-05
-1.946e-05
-1.84594e-05
-9.39687e-06
-1.66938e-06
-1.63125e-07
-5.9375e-08
4.13562e-06
6.77812e-06
3.45312e-06
2.42062e-06
4.485e-06
7.5125e-06
1.19025e-05
9.97187e-06
4.42437e-06
3.61875e-07
-2.98813e-06
-3.31563e-06
-2.595e-06
-2.2025e-06
-2.88e-06
-4.12062e-06
-5.32437e-06
-7.02187e-06
-6.85937e-06
-5.14625e-06
-9.3875e-07
2.62125e-06
2.59312e-06
3.87625e-06
5.97562e-06
7.6925e-06
7.66312e-06
4.49312e-06
1.3125e-08
-5.22937e-06
-4.99625e-06
-2.825e-06
-8.1675e-06
-1.24825e-05
-1.12994e-05
-8.62438e-06
-4.86687e-06
4.28125e-07
4.35312e-06
3.13312e-06
4.78812e-06
9.52812e-06
9.7475e-06
7.20625e-06
4.67e-06
6.45687e-06
9.27688e-06
6.03438e-06
-1.16313e-06
-7.57062e-06
-9.3125e-06
-6.75e-06
-5.80687e-06
-8.2575e-06
-8.97813e-06
-5.22063e-06
-2.63312e-06
-5.56563e-06
-5.31937e-06
2.11312e-06
9.50562e-06
1.20706e-05
9.35313e-06
6.13562e-06
7.005e-06
9.875e-06
6.77e-06
-2.41e-06
-6.3e-06
-4.55562e-06
-5.04563e-06
-5.88687e-06
-2.81437e-06
1.19062e-06
1.68875e-06
-7.25e-08
-2.6675e-06
-6.5075e-06
-1.0195e-05
-1.11981e-05
-4.95062e-06
3.41437e-06
4.03062e-06
3.67062e-06
6.39562e-06
5.77438e-06
3.88063e-06
4.92375e-06
6.34063e-06
6.50563e-06
4.76437e-06
-2.07062e-06
-6.36813e-06
-4.70437e-06
-4.19125e-06
-2.44125e-06
-9.875e-07
-1.32187e-06
-3.075e-07
7.65625e-07
3.05875e-06
4.19188e-06
3.45062e-06
2.66125e-06
2.46312e-06
4.61063e-06
5.58625e-06
6.9175e-06
7.39313e-06
3.63813e-06
-2.12188e-06
-9.73188e-06
-1.31944e-05
-1.32325e-05
-1.47994e-05
-1.25025e-05
-6.8525e-06
-4.62188e-06
-2.40062e-06
3.59687e-06
8.05688e-06
9.83687e-06
1.31119e-05
1.63244e-05
1.403e-05
8.365e-06
4.215e-06
4.55e-07
-4.76e-06
-1.10825e-05
-1.8065e-05
-2.11525e-05
-1.813e-05
-1.2385e-05
-3.6e-06
2.2725e-06
2.5025e-06
3.86562e-06
4.72625e-06
4.2525e-06
6.28438e-06
1.00394e-05
9.54125e-06
5.71875e-06
5.5025e-06
6.00813e-06
3.94437e-06
8.71875e-07
-1.5275e-06
-2.60375e-06
-4.09e-06
-7.6025e-06
-1.09225e-05
-7.27e-06
-1.15e-06
4.94375e-07
4.11188e-06
6.19187e-06
1.81938e-06
6.31875e-07
2.23563e-06
2.26e-06
4.35312e-06
5.44125e-06
2.86375e-06
-6.5375e-07
-1.07062e-06
1.09875e-06
-8.61875e-07
-2.0325e-06
6.15e-07
1.43937e-06
2.01125e-06
2.9825e-06
3.0825e-06
2.00562e-06
2.38937e-06
3.22563e-06
-1.70687e-06
-8.23688e-06
-1.30519e-05
-1.57219e-05
-1.32206e-05
-7.91812e-06
-1.96063e-06
2.18188e-06
4.41688e-06
7.78937e-06
1.25594e-05
1.39056e-05
9.72563e-06
6.48562e-06
4.66563e-06
8.70625e-07
-7.13938e-06
-1.33419e-05
-1.10437e-05
-7.90625e-06
-4.38375e-06
-1.16625e-06
-2.23563e-06
-2.25375e-06
-2.52187e-06
-4.27375e-06
-4.34562e-06
-2.78062e-06
-2.325e-07
1.99e-06
2.35875e-06
3.195e-06
7.035e-06
9.9625e-06
1.20713e-05
1.50062e-05
1.49119e-05
9.60937e-06
1.45438e-06
-5.81563e-06
-1.22456e-05
-1.64831e-05
-1.7315e-05
-1.57938e-05
-1.06862e-05
-4.76625e-06
-1.05625e-06
2.12375e-06
6.22875e-06
1.04663e-05
1.22044e-05
1.21288e-05
1.22481e-05
1.21681e-05
8.83313e-06
1.49813e-06
-4.22687e-06
-7.85188e-06
-1.12369e-05
-1.29706e-05
-1.42131e-05
-1.38206e-05
-6.91062e-06
3.07687e-06
5.82937e-06
2.64187e-06
1.14125e-06
2.51187e-06
4.95125e-06
7.84875e-06
1.13412e-05
1.15544e-05
7.44687e-06
2.02187e-06
-3.42063e-06
-4.67188e-06
-3.67625e-06
-6.44125e-06
-9.78625e-06
-9.85125e-06
-7.81875e-06
-6.19875e-06
-2.81875e-06
1.98875e-06
4.3225e-06
7.4425e-06
9.86437e-06
1.07094e-05
1.11444e-05
7.86687e-06
4.41937e-06
6.36875e-07
-4.13562e-06
-7.29812e-06
-9.86812e-06
-9.66875e-06
-7.06375e-06
-3.96125e-06
-7.8625e-07
1.30937e-06
1.27625e-06
-1.39375e-06
-2.68813e-06
-1.44812e-06
-4.1e-07
4.3875e-07
5.16875e-07
-1.35375e-06
-2.96437e-06
4.60625e-07
6.94312e-06
9.24562e-06
6.77188e-06
4.69438e-06
2.98375e-06
-1.38375e-06
-5.91625e-06
-8.81125e-06
-8.91812e-06
-5.31312e-06
-1.15812e-06
1.24687e-06
1.64875e-06
1.55437e-06
2.42625e-06
4.01187e-06
4.90375e-06
4.0425e-06
3.61875e-06
3.61375e-06
1.765e-06
-1.765e-06
-5.58e-06
-6.72187e-06
-4.95375e-06
-2.81437e-06
3.40625e-07
3.54312e-06
4.37625e-06
4.36875e-06
3.17062e-06
-2.59375e-07
-2.93938e-06
-4.86187e-06
-1.03744e-05
-1.40569e-05
-8.15437e-06
7.3125e-08
5.14562e-06
8.22812e-06
9.53625e-06
1.10844e-05
1.22487e-05
1.0855e-05
7.4225e-06
2.97e-06
-3.685e-06
-8.5225e-06
-1.04706e-05
-1.59281e-05
-1.90025e-05
-1.26075e-05
-2.93e-06
2.7525e-06
5.9525e-06
8.6875e-06
7.79875e-06
5.69688e-06
4.15125e-06
4.38625e-06
6.40437e-06
4.03938e-06
2.15063e-06
1.615e-06
-2.0275e-06
-2.91688e-06
-2.78625e-06
-2.83188e-06
-6.45e-07
2.08e-06
4.7575e-06
2.17e-06
-5.29e-06
-8.3975e-06
-6.7625e-06
-6.03937e-06
-5.08438e-06
-2.33188e-06
1.1875e-07
2.48688e-06
4.57625e-06
5.4825e-06
4.7475e-06
1.9575e-06
1.33125e-07
1.87125e-06
3.2675e-06
1.59687e-06
-1.125e-07
-1.2875e-06
-2.72312e-06
-2.6e-06
-1.59687e-06
-9.6375e-07
-5.55625e-07
-1.23938e-06
-8.75625e-07
3.35625e-07
-2.975e-07
-1.43625e-06
-1.87937e-06
3.775e-07
3.61e-06
4.34875e-06
2.68563e-06
-2.16188e-06
-4.90687e-06
-2.4275e-06
1.15e-06
3.88e-06
5.79188e-06
6.39188e-06
2.01188e-06
-4.42562e-06
-9.09063e-06
-9.74625e-06
-6.85875e-06
-7.14187e-06
-5.16125e-06
-2.0125e-07
2.68125e-06
6.58875e-06
1.04612e-05
1.03794e-05
5.94938e-06
3.33937e-06
3.29313e-06
1.79688e-06
-5.05e-07
-2.30625e-06
-2.56e-06
-2.52e-06
-2.28e-06
-2.225e-06
-3.60812e-06
-4.57875e-06
-4.99e-06
-4.53375e-06
-1.62625e-06
1.38625e-06
4.00625e-06
7.73875e-06
7.62875e-06
5.36e-06
5.86563e-06
5.73563e-06
6.11938e-06
5.39063e-06
1.06312e-06
-1.77187e-06
-4.17125e-06
-8.75875e-06
-1.18512e-05
-1.30737e-05
-1.3545e-05
-9.975e-06
-3.8725e-06
3.8e-07
3.0525e-06
5.43125e-06
6.83375e-06
6.18875e-06
4.57937e-06
4.8075e-06
6.17375e-06
4.46938e-06
9.49375e-07
-3.41563e-06
-7.88063e-06
-9.18437e-06
-8.97e-06
-6.275e-06
-4.73812e-06
-6.4625e-06
-2.8825e-06
3.4225e-06
5.30438e-06
4.285e-06
4.20875e-06
4.87812e-06
6.05062e-06
7.77937e-06
6.1075e-06
2.445e-06
7.0875e-07
1.2925e-06
2.66875e-07
-5.68812e-06
-1.06906e-05
-1.14581e-05
-1.04319e-05
-6.43437e-06
-4.41875e-07
3.63063e-06
6.21563e-06
9.15312e-06
1.0385e-05
7.95875e-06
5.58e-06
5.14125e-06
4.53625e-06
2.98813e-06
-3.69375e-07
-4.15937e-06
-6.34e-06
-4.91e-06
-3.03938e-06
-5.205e-06
-5.59438e-06
-3.245e-06
7.5e-08
4.335e-06
6.04625e-06
4.01687e-06
1.09375e-07
7.68125e-07
3.91313e-06
3.54125e-06
1.52e-06
-1.21e-06
-3.01562e-06
-3.70375e-06
-4.23688e-06
-3.15562e-06
-2.08937e-06
-2.82688e-06
-4.33125e-06
-5.76062e-06
-6.49562e-06
-4.23875e-06
-1.0875e-07
1.53687e-06
4.55188e-06
1.01794e-05
1.40269e-05
1.49075e-05
1.23275e-05
8.9325e-06
4.3975e-06
-6.7e-07
-4.7225e-06
-1.0355e-05
-1.4885e-05
-1.5535e-05
-1.38588e-05
-1.19037e-05
-9.5775e-06
-6.22e-06
-1.1825e-06
5.7425e-06
9.96e-06
1.2575e-05
1.58425e-05
1.52788e-05
1.06313e-05
4.67625e-06
-3.7875e-07
-3.71875e-06
-5.4025e-06
-7.12562e-06
-7.97375e-06
-4.60125e-06
-1.50375e-06
-1.695e-06
-3.30438e-06
-5.47625e-06
-5.81563e-06
-5.7225e-06
-4.51813e-06
8.11875e-07
4.39938e-06
5.63375e-06
7.57687e-06
6.52937e-06
4.69312e-06
4.605e-06
3.52937e-06
1.37813e-06
-2.09688e-06
-5.53937e-06
-7.06e-06
-8.2e-06
-8.04375e-06
-4.46625e-06
7.7625e-07
4.44375e-06
5.57125e-06
5.5075e-06
5.2075e-06
3.53125e-06
1.45375e-06
1.14937e-06
-2.03125e-07
-2.99562e-06
-2.1575e-06
3.81875e-07
-1.17313e-06
-3.65437e-06
-2.82375e-06
-3.2875e-07
1.82125e-06
2.61562e-06
2.93375e-06
2.87875e-06
1.92812e-06
8.85625e-07
-1.86687e-06
-5.55438e-06
-6.07875e-06
-5.63187e-06
-6.1275e-06
-3.2325e-06
1.515e-06
4.265e-06
6.1925e-06
8.29125e-06
8.62312e-06
5.51563e-06
2.91562e-06
2.85625e-07
-4.99438e-06
-7.87187e-06
-7.07812e-06
-3.73062e-06
-1.65625e-07
-2.8125e-07
-5.5625e-07
1.33688e-06
3.13375e-06
2.8475e-06
9.75e-07
5.0875e-07
-9.0625e-08
-5.225e-07
4.75625e-07
-7.5375e-07
-3.95875e-06
-5.18688e-06
-2.90125e-06
1.875e-08
1.37875e-06
9.66875e-07
-1.62062e-06
-1.97813e-06
1.48438e-06
4.20437e-06
4.71063e-06
3.69e-06
2.78812e-06
9.325e-07
-1.49875e-06
-1.14812e-06
-4.06875e-07
-7.6125e-07
-1.605e-06
-2.93438e-06
-4.77375e-06
-6.71687e-06
-6.03063e-06
-2.87562e-06
-3.275e-07
1.1075e-06
3.17687e-06
5.61e-06
6.65125e-06
6.68812e-06
7.165e-06
5.97062e-06
2.11812e-06
-2.30625e-07
-7.03125e-07
-2.42625e-06
-7.72625e-06
-1.22237e-05
-1.09575e-05
-8.92688e-06
-7.61125e-06
-4.96625e-06
-1.7125e-07
5.52875e-06
1.02963e-05
1.48988e-05
1.57456e-05
1.23431e-05
7.50063e-06
2.09063e-06
-3.64438e-06
-8.12438e-06
-8.3275e-06
-8.56375e-06
-1.00762e-05
-8.91625e-06
-6.03625e-06
-3.1125e-07
4.99125e-06
5.63e-06
6.76687e-06
7.23687e-06
5.04125e-06
3.70562e-06
1.19937e-06
-8.6875e-08
1.24687e-06
1.38063e-06
9.80625e-07
-1.62688e-06
-4.82438e-06
-6.4025e-06
-8.56625e-06
-8.76125e-06
-6.18375e-06
-2.90875e-06
5.3875e-07
4.58625e-06
6.96625e-06
5.85e-06
5.10688e-06
4.32e-06
2.09e-06
-1.085e-06
-4.14e-06
-3.1025e-06
-9.36875e-07
-1.25687e-06
-3.075e-06
-3.63125e-06
-1.26313e-06
-6.375e-07
1.73125e-07
4.88563e-06
1.03306e-05
1.28587e-05
9.50125e-06
3.28375e-06
-2.66125e-06
-7.06625e-06
-8.31438e-06
-8.30187e-06
-7.85813e-06
-7.27625e-06
-7.87438e-06
-7.10438e-06
-2.51937e-06
3.13312e-06
7.91062e-06
1.09606e-05
1.18631e-05
9.35063e-06
1.64312e-06
-4.06937e-06
-2.99313e-06
-2.16937e-06
-4.44063e-06
-5.71875e-06
-4.36375e-06
-2.8125e-06
-2.61875e-06
-1.33875e-06
1.06813e-06
2.10937e-06
2.30625e-06
3.1125e-06
3.79562e-06
3.43875e-06
4.18438e-06
5.31937e-06
3.68812e-06
1.62688e-06
-7.60625e-07
-2.49437e-06
-5.325e-07
7.01875e-07
-3.875e-07
-2.71812e-06
-4.81875e-06
-3.91938e-06
-2.22375e-06
-1.7125e-06
-1.57937e-06
-1.4875e-06
-1.43812e-06
1.1625e-07
1.48125e-06
4.70625e-07
1.21563e-06
2.75e-06
1.84313e-06
1.79813e-06
2.4625e-06
2.74125e-06
2.69562e-06
-4.91875e-07
-4.44187e-06
-5.8275e-06
-6.29812e-06
-5.5625e-06
-3.06625e-06
-8.51875e-07
1.16687e-06
2.53937e-06
1.63312e-06
1.74812e-06
3.60438e-06
3.38625e-06
2.00688e-06
8.3e-07
-9.8375e-07
-2.97812e-06
-3.51375e-06
-7.8875e-07
3.06125e-06
4.36437e-06
2.68687e-06
-5.3125e-08
-5.9875e-07
5.01875e-07
8.125e-08
-1.7325e-06
-3.8325e-06
-4.8325e-06
-4.34438e-06
-3.15562e-06
-1.175e-06
7.275e-07
1.42375e-06
1.20938e-06
3.09937e-06
5.92937e-06
5.09937e-06
2.50688e-06
5.8125e-08
-1.93062e-06
-2.9275e-06
-2.89688e-06
-2.15187e-06
-3.14812e-06
-3.34875e-06
-1.94e-06
-1.90062e-06
-3.4875e-07
1.8575e-06
3.69312e-06
6.26813e-06
5.78563e-06
3.30062e-06
1.72125e-06
6.93125e-07
-4.45625e-07
-2.63937e-06
-4.6975e-06
-4.1275e-06
-4.5e-08
2.765e-06
1.64562e-06
-4.0125e-07
-3.53875e-06
-6.08063e-06
-5.63375e-06
-3.7725e-06
-1.72625e-06
7.84375e-07
2.00063e-06
8.21875e-07
1.07437e-06
3.93188e-06
7.85188e-06
8.76938e-06
6.44875e-06
5.22625e-06
2.29875e-06
-2.91625e-06
-6.45625e-06
-7.50375e-06
-7.695e-06
-5.30438e-06
-5.39375e-07
1.10125e-06
3.45e-07
-2.6875e-08
8.15625e-07
1.56687e-06
2.05625e-07
-7.45e-07
-2.59375e-07
7.825e-07
1.02375e-06
-1.575e-07
-3.475e-07
-6.9875e-07
-6.0625e-07
1.71937e-06
2.23687e-06
1.13937e-06
6.05625e-07
-5.625e-08
-1.83e-06
-5.0975e-06
-8.0225e-06
-9.54187e-06
-7.88625e-06
-3.82625e-06
-4.3375e-07
3.30875e-06
7.19875e-06
9.75e-06
9.70562e-06
7.09813e-06
5.94062e-06
5.90375e-06
4.555e-06
4.24e-06
4.13062e-06
1.13313e-06
-3.47188e-06
-6.45187e-06
-6.61687e-06
-5.49375e-06
-5.57375e-06
-6.47375e-06
-3.85625e-06
1.0875e-07
-4.475e-07
-2.66813e-06
-2.985e-06
-1.255e-06
2.9825e-06
7.0325e-06
8.02e-06
7.73062e-06
7.18938e-06
4.66125e-06
1.32125e-06
-1.60625e-06
-4.26375e-06
-5.71313e-06
-7.09687e-06
-7.80688e-06
-4.80688e-06
-7.84375e-07
8.74375e-07
2.24938e-06
2.6225e-06
7.79375e-07
6.4375e-08
-8.3e-07
-2.21875e-06
-4.9625e-07
1.70063e-06
2.86437e-06
3.64625e-06
3.41563e-06
1.75312e-06
-2.73187e-06
-6.24438e-06
-5.78688e-06
-3.43375e-06
-8.5625e-07
-1.8875e-07
2.30625e-07
2.88812e-06
4.52625e-06
3.35187e-06
2.26688e-06
1.61e-06
1.425e-07
-1.3075e-06
-3.05937e-06
-4.35e-06
-3.72812e-06
-2.33625e-06
-9.51875e-07
-5.6875e-08
-3.725e-07
-1.85625e-07
1.83312e-06
3.44875e-06
4.38938e-06
5.54187e-06
4.14125e-06
7.2375e-07
-8.7e-07
-1.30375e-06
-2.27875e-06
-2.955e-06
-2.13562e-06
-6.08125e-07
3.90625e-07
1.23687e-06
2.42875e-06
3.58687e-06
1.85625e-06
-7.0375e-07
-8.225e-07
-2.15812e-06
-4.21875e-06
-3.815e-06
-1.0775e-06
4.85625e-07
-2.5125e-07
-2.725e-07
-1.61312e-06
-3.32625e-06
-2.54438e-06
-1.16687e-06
7.1875e-07
3.28375e-06
6.55875e-06
7.84437e-06
4.45437e-06
4.19375e-07
-1.09938e-06
-1.76625e-06
-2.74438e-06
-3.68688e-06
-5.96312e-06
-8.57063e-06
-9.00375e-06
-7.07125e-06
-3.10375e-06
1.13375e-06
6.22125e-06
1.13688e-05
1.33019e-05
1.16619e-05
8.03438e-06
5.77563e-06
3.21062e-06
-7.76875e-07
-3.06312e-06
-5.05563e-06
-7.40875e-06
-9.32625e-06
-1.01075e-05
-9.53313e-06
-8.20438e-06
-5.34937e-06
-3.21188e-06
-1.1825e-06
3.9e-06
8.4425e-06
9.43313e-06
8.1075e-06
6.87938e-06
7.02187e-06
5.89687e-06
3.53438e-06
1.8975e-06
-2.03125e-07
-3.09563e-06
-6.35562e-06
-8.68375e-06
-9.00063e-06
-8.78312e-06
-9.12563e-06
-6.9525e-06
-5.375e-07
4.6275e-06
6.29563e-06
7.33e-06
8.1175e-06
7.25312e-06
5.325e-06
3.93563e-06
1.30563e-06
-2.06437e-06
-1.80813e-06
1.80687e-06
2.84625e-06
-9.7375e-07
-4.51375e-06
-5.35875e-06
-6.08437e-06
-6.10687e-06
-3.56875e-06
-1.38375e-06
-5.825e-07
7.025e-07
1.20625e-07
-2.1225e-06
-2.2175e-06
-1.95e-07
1.8475e-06
3.19937e-06
4.78187e-06
6.93937e-06
8.08313e-06
6.50062e-06
4.0375e-06
2.595e-06
-1.25e-07
-4.27e-06
-6.34437e-06
-5.60438e-06
-5.55125e-06
-6.80375e-06
-5.86687e-06
-2.53187e-06
-1.04187e-06
-9.50625e-07
1.78187e-06
3.9475e-06
2.72e-06
7.7125e-07
8.26875e-07
1.8925e-06
2.135e-06
3.02562e-06
3.0475e-06
1.495e-06
2.5125e-07
-6.2875e-07
-8.50625e-07
-1.60187e-06
-2.55062e-06
-1.5875e-06
8.75e-09
-4.725e-07
-3.2675e-06
-4.06563e-06
-8.43125e-07
2.11938e-06
1.51875e-06
-4.49375e-07
1.33125e-07
1.275e-06
6.9125e-07
5.85e-07
9.01875e-07
1.28438e-06
1.955e-06
2.17812e-06
1.61125e-06
-2.5375e-07
-1.1525e-06
-1.14063e-06
-2.47563e-06
-3.22813e-06
-3.46e-06
-3.33437e-06
-1.64125e-06
3.76875e-07
1.40375e-06
2.7625e-06
5.31875e-06
6.06e-06
5.65375e-06
5.02313e-06
2.37312e-06
2.2875e-07
-5.8375e-07
-2.42375e-06
-5.46375e-06
-7.44125e-06
-6.84e-06
-5.00312e-06
-3.8775e-06
-4.20813e-06
-3.445e-06
-3.1e-07
2.355e-06
5.26e-06
8.4e-06
7.95937e-06
6.00437e-06
5.79875e-06
5.01437e-06
2.585e-06
1.25875e-06
4.34375e-07
-2.50062e-06
-5.38563e-06
-7.32812e-06
-9.17187e-06
-1.03831e-05
-1.01412e-05
-7.18625e-06
-4.31375e-06
-2.95688e-06
3.65625e-07
6.42812e-06
1.10406e-05
1.19938e-05
1.16863e-05
1.03694e-05
7.01438e-06
2.25437e-06
-2.05312e-06
-4.58125e-06
-5.425e-06
-5.26688e-06
-4.9025e-06
-4.32437e-06
-3.45062e-06
-3.13e-06
-3.13937e-06
-2.36687e-06
-3.1875e-06
-4.06e-06
-1.7425e-06
4.99375e-07
1.83188e-06
2.32063e-06
2.3225e-06
4.30687e-06
7.64437e-06
9.02187e-06
6.77937e-06
4.42e-06
2.17625e-06
-1.06375e-06
-3.85875e-06
-7.26125e-06
-1.00737e-05
-1.06062e-05
-8.12875e-06
-4.76375e-06
-2.28437e-06
1.78062e-06
5.89313e-06
9.14813e-06
1.10075e-05
7.6575e-06
1.405e-06
-2.49e-06
-3.81312e-06
-3.8025e-06
-2.13375e-06
4.5375e-07
7.78125e-07
2.075e-07
1.22e-06
-3.25e-07
-2.50938e-06
-1.97437e-06
-1.74313e-06
-1.93187e-06
-1.76875e-06
-7.125e-07
-3.14375e-07
-6.5125e-07
3.38125e-07
1.63688e-06
4.52687e-06
7.95937e-06
8.27563e-06
6.54938e-06
4.65875e-06
3.7625e-07
-6.30625e-06
-1.06762e-05
-1.21963e-05
-1.12231e-05
-7.77813e-06
-3.64062e-06
8.34375e-07
4.00187e-06
5.37125e-06
5.59625e-06
4.85938e-06
3.955e-06
3.93375e-06
4.84937e-06
4.38938e-06
3.36312e-06
2.42188e-06
2.44375e-07
-1.815e-06
-2.7375e-06
-3.0625e-06
-3.42e-06
-4.52312e-06
-6.20187e-06
-5.00187e-06
-2.36187e-06
-2.36437e-06
-2.40625e-06
-6.175e-07
2.5075e-06
4.88312e-06
5.53562e-06
6.3875e-06
6.20625e-06
3.9025e-06
1.9925e-06
7.96875e-07
-2.45313e-06
-5.61812e-06
-5.19937e-06
-3.54125e-06
-2.48312e-06
-2.1275e-06
-3.12187e-06
-4.34062e-06
-3.14812e-06
3.64375e-07
2.80875e-06
3.34188e-06
2.04812e-06
1.11562e-06
1.87625e-06
4.88125e-07
-3.50625e-07
2.08937e-06
4.77687e-06
4.635e-06
1.3275e-06
-7e-08
-3.66875e-07
-2.45875e-06
-4.38187e-06
-4.68625e-06
-2.60375e-06
-6.71875e-07
1.125e-07
8.5e-07
8.05625e-07
2.13125e-07
-7.04375e-07
-7.59375e-07
-4.64375e-07
-1.07688e-06
1.8125e-08
1.47625e-06
9.6875e-07
-3.4125e-07
-1.26125e-06
4.875e-07
2.91438e-06
3.41563e-06
3.42812e-06
3.97437e-06
4.18e-06
1.9875e-06
-1.1425e-06
-3.43125e-06
-5.25687e-06
-5.32375e-06
-4.08e-06
-3.86437e-06
-3.32812e-06
-1.24562e-06
3.5125e-07
2.03438e-06
4.76188e-06
6.73437e-06
6.605e-06
5.61e-06
4.58e-06
2.01e-06
-1.54e-06
-5.2475e-06
-6.92562e-06
-5.415e-06
-4.68687e-06
-3.97812e-06
-2.16875e-06
-1.56e-06
-1.43125e-06
-1.45625e-06
-4.1375e-07
1.6875e-06
3.0475e-06
4.13438e-06
4.05312e-06
4.44563e-06
5.09125e-06
2.13625e-06
-8.0875e-07
-1.375e-06
-1.62563e-06
-2.03125e-06
-2.89312e-06
-2.95438e-06
-3.36688e-06
-4.7025e-06
-3.82875e-06
-1.94562e-06
-1.675e-06
-1.97188e-06
-1.02188e-06
1.27937e-06
3.00188e-06
4.04187e-06
4.79812e-06
5.18312e-06
6.03375e-06
5.31937e-06
2.73938e-06
4.71875e-07
-1.9225e-06
-3.99e-06
-4.74875e-06
-5.51938e-06
-6.82e-06
-6.68875e-06
-4.10125e-06
-1.51125e-06
1.47125e-06
5.38625e-06
5.76812e-06
4.14437e-06
2.835e-06
1.23125e-06
6.675e-07
-1.6875e-07
-3.9875e-07
5.29375e-07
6.08125e-07
-1.3125e-08
-7.1875e-07
-6.3125e-07
-3.35e-07
-9.3125e-08
9.9375e-08
-1.10188e-06
-2.30313e-06
-2.385e-06
-2.62813e-06
-2.67438e-06
-9.45625e-07
1.33e-06
1.8425e-06
1.83875e-06
2.99437e-06
4.74125e-06
4.355e-06
1.4275e-06
-1.12063e-06
-3.56375e-06
-5.28437e-06
-5.58313e-06
-6.27062e-06
-5.465e-06
-2.7075e-06
-7.4625e-07
1.495e-06
4.69e-06
5.34312e-06
4.20625e-06
4.3725e-06
3.79125e-06
2.435e-06
2.4675e-06
1.87937e-06
3.53125e-07
-3.5e-07
-1.72188e-06
-3.47688e-06
-4.64e-06
-5.735e-06
-4.7775e-06
-1.44e-06
9.3e-07
3.275e-07
-6.8625e-07
-3.44375e-07
7.7e-07
2.8375e-06
4.28813e-06
3.92312e-06
2.62313e-06
1.46187e-06
1.555e-06
2.41437e-06
1.6675e-06
-6.325e-07
-2.57937e-06
-2.77e-06
-1.36938e-06
-7.53125e-07
-5.24375e-07
-2.0625e-08
-3.4375e-07
-1.0725e-06
-2.11438e-06
-2.9725e-06
-2.85937e-06
-2.13e-06
-1.34437e-06
2.74375e-07
2.91188e-06
4.57e-06
4.74438e-06
4.0475e-06
3.04312e-06
1.74125e-06
-1.675e-07
-2.15938e-06
-3.87938e-06
-5.29125e-06
-5.39812e-06
-2.37312e-06
5.61875e-07
-3.74375e-07
-1.66687e-06
2.2375e-07
2.82875e-06
2.21813e-06
-3.25e-08
-1.2375e-06
-1.51125e-06
-1.71875e-07
1.08437e-06
1.06688e-06
1.63187e-06
2.88e-06
4.415e-06
4.5575e-06
2.995e-06
1.34375e-06
-1.09562e-06
-3.45125e-06
-4.22687e-06
-4.71688e-06
-6.11438e-06
-6.84312e-06
-5.63562e-06
-3.62875e-06
-1.2225e-06
1.3725e-06
3.16875e-06
4.4525e-06
5.84625e-06
6.62e-06
6.6825e-06
6.2175e-06
3.46e-06
4e-08
-4.75e-07
-1.28875e-06
-4.16125e-06
-5.44937e-06
-5.5975e-06
-6.26375e-06
-5.09063e-06
-2.29062e-06
-7.9875e-07
4.61875e-07
1.8e-06
2.5425e-06
3.725e-06
4.79187e-06
5.65437e-06
5.39312e-06
2.74062e-06
-6.41875e-07
-2.15063e-06
-2.32e-06
-3.24313e-06
-3.49625e-06
-3.0575e-06
-3.46e-06
-3.57187e-06
-2.40375e-06
-4.2625e-07
8.6125e-07
1.4675e-06
1.72875e-06
1.15e-06
9.26875e-07
1.18187e-06
1.52813e-06
3.20625e-06
5.31e-06
4.52875e-06
9.6625e-07
-3.375e-07
6.6625e-07
-1.07437e-06
-4.21687e-06
-4.31625e-06
-3.02687e-06
-3.9425e-06
-4.48063e-06
-2.52125e-06
6.25e-10
2.00125e-06
2.74625e-06
2.57875e-06
1.47875e-06
1.1925e-06
3.28125e-06
3.53375e-06
7.1875e-07
-2.21625e-06
-4.75063e-06
-6.37375e-06
-6.40313e-06
-5.5575e-06
-3.5725e-06
2.15e-07
3.9275e-06
5.15938e-06
5.08687e-06
5.75437e-06
5.495e-06
3.71625e-06
2.7525e-06
2.34063e-06
5.1875e-07
-1.85625e-06
-1.73687e-06
-4.4e-07
-1.31875e-06
-2.56063e-06
-1.57e-06
3.1875e-08
8.75e-08
-7.55e-07
-2.215e-06
-3.78313e-06
-3.75562e-06
-2.87125e-06
-1.81687e-06
3.975e-07
2.995e-06
4.68687e-06
4.23937e-06
1.36187e-06
-1.29562e-06
-3.06688e-06
-3.30125e-06
-2.4125e-07
2.49125e-06
2.90875e-06
3.24875e-06
3.0675e-06
1.32438e-06
-1.67562e-06
-3.92937e-06
-4.40563e-06
-4.01625e-06
-3.02562e-06
-1.91937e-06
-3.93125e-07
7.925e-07
5.98125e-07
9.9375e-08
3.2375e-07
1.07562e-06
1.44812e-06
1.91563e-06
2.79687e-06
3.38688e-06
3.45562e-06
2.5725e-06
3.38125e-07
-2.31937e-06
-4.36563e-06
-5.17563e-06
-3.76625e-06
-1.575e-06
-1.3625e-07
1.34375e-06
2.52e-06
2.87937e-06
2.5175e-06
1.96625e-06
6.0875e-07
-1.77813e-06
-2.2075e-06
-1.39375e-06
-6.7375e-07
1.2975e-06
3.0675e-06
4.215e-06
4.56687e-06
3.36562e-06
1.46875e-06
-1.37125e-06
-4.34625e-06
-5.61e-06
-4.62375e-06
-3.89563e-06
-4.84813e-06
-4.35062e-06
-3.24813e-06
-2.14312e-06
1.4625e-07
1.48625e-06
2.94937e-06
4.58813e-06
5.34063e-06
6.5525e-06
6.46125e-06
4.39125e-06
3.08625e-06
2.68813e-06
4.9625e-07
-2.76375e-06
-4.9375e-06
-6.23875e-06
-5.70125e-06
-4.81375e-06
-5.3125e-06
-4.84063e-06
-3.5475e-06
-2.23313e-06
-3.0625e-08
2.93188e-06
5.69187e-06
6.755e-06
6.85375e-06
6.62125e-06
4.43313e-06
1.60812e-06
-1.6125e-07
-2.29e-06
-3.01187e-06
-9.225e-07
-4.4375e-08
-1.735e-06
-3.71687e-06
-4.3875e-06
-4.14e-06
-3.19625e-06
-1.075e-06
-1.7875e-07
-4.39375e-07
5.45e-07
1.48688e-06
1.1175e-06
3.54375e-07
7e-08
2.76875e-07
1.64375e-06
3.0875e-06
3.50187e-06
4.38562e-06
3.05125e-06
-1.05875e-06
-4.34125e-06
-6.72687e-06
-6.94875e-06
-3.97625e-06
-4.9875e-07
1.31313e-06
1.62688e-06
1.18563e-06
1.4375e-08
-5.8875e-07
3.16875e-07
1.4725e-06
2.39812e-06
2.89062e-06
2.65625e-06
1.39687e-06
-3.04375e-07
-8.74375e-07
-1.37437e-06
-1.80187e-06
-9.775e-07
-1.01563e-06
-1.96875e-06
-1.00937e-06
9.31875e-07
1.63625e-06
1.59062e-06
1.5225e-06
2.35688e-06
3.14812e-06
1.83562e-06
-1.2875e-07
-9.04375e-07
-5.9625e-07
-1.21688e-06
-2.73313e-06
-2.10813e-06
-2.70625e-07
3.3875e-07
-2.88125e-07
-1.37562e-06
-2.15063e-06
-2.22938e-06
-1.82562e-06
-7.0125e-07
9.7625e-07
2.08062e-06
2.83937e-06
2.3475e-06
5.9875e-07
-1.7375e-07
-1.075e-07
2.29375e-07
-2.8125e-08
-1.49062e-06
-2.65125e-06
-2.76312e-06
-2.1425e-06
-1.61062e-06
-1.3e-06
6.4375e-08
2.02187e-06
3.2625e-06
3.98688e-06
3.93812e-06
2.14062e-06
-2.05625e-07
-1.24813e-06
-1.65688e-06
-1.23625e-06
-2.49375e-07
-1.86875e-07
-3.20625e-07
-6.50625e-07
-1.26875e-06
-1.77e-06
-1.39375e-06
-9.06875e-07
-2.06813e-06
-2.46062e-06
-1.36688e-06
-5.61875e-07
4.19375e-07
1.63e-06
1.755e-06
1.02875e-06
1.8225e-06
3.56937e-06
3.72313e-06
3.02375e-06
2.82562e-06
2.51687e-06
4.39375e-07
-1.99188e-06
-2.67938e-06
-3.98e-06
-4.25438e-06
-2.71688e-06
-3.11937e-06
-3.29562e-06
-1.7975e-06
3.075e-07
2.19813e-06
2.35e-06
2.025e-06
2.19063e-06
1.65e-06
5.88125e-07
1.33937e-06
3.29688e-06
4.67437e-06
4.73375e-06
3.01687e-06
2.13063e-06
1.11812e-06
-2.69437e-06
-5.85187e-06
-5.5e-06
-4.34062e-06
-4.76688e-06
-4.4425e-06
-3.37875e-06
-3.13437e-06
-1.25875e-06
1.31625e-06
3.02e-06
4.15688e-06
4.17187e-06
4.40187e-06
3.94375e-06
2.48562e-06
1.33688e-06
-4.6875e-08
-1.89375e-06
-2.97375e-06
-2.25625e-06
-2.395e-06
-2.8325e-06
-1.90875e-06
-2.38187e-06
-2.93938e-06
-1.96125e-06
-9.48125e-07
8.04375e-07
2.34625e-06
2.55062e-06
2.81e-06
2.5575e-06
2.00812e-06
2.00375e-06
2.39375e-06
1.75812e-06
-3.39375e-07
-8.75e-07
-5.98125e-07
-6.51875e-07
-1e-06
-1.95875e-06
-2.08687e-06
-2.46375e-06
-2.58562e-06
-2.26938e-06
-2.55188e-06
-1.38813e-06
1.20437e-06
3.255e-06
3.2025e-06
2.57062e-06
2.045e-06
-6.05e-07
-1.9325e-06
-7.44375e-07
-4.63125e-07
6.20625e-07
2.43063e-06
2.74125e-06
2.67875e-06
1.49813e-06
-1.00875e-06
-2.065e-06
-2.085e-06
-2.21813e-06
-1.80938e-06
-1.085e-06
-6.93125e-07
-8.625e-08
6.78125e-07
-4.96875e-07
-9.75625e-07
4.66875e-07
-2.21875e-07
-1.14687e-06
-6.0125e-07
6.09375e-07
2.40312e-06
2.62625e-06
1.61875e-06
1.98125e-07
-9.475e-07
-5.6125e-07
7.225e-07
1.29e-06
-4.6625e-07
-2.44813e-06
-3.39062e-06
-3.80437e-06
-2.51875e-06
-1.71625e-06
-2.0075e-06
-1.25437e-06
-1.5125e-07
1.88125e-07
-7.4375e-08
9.44375e-07
1.69812e-06
5.56875e-07
6.4625e-07
1.38687e-06
1.01188e-06
9.3625e-07
1.54875e-06
1.89125e-06
1.53e-06
3.09375e-07
-7.6e-07
-1.08e-06
-1.4375e-06
-1.0725e-06
-2.0375e-07
1.43125e-07
8.325e-07
2.03312e-06
2.98188e-06
3.32688e-06
2.03188e-06
-6.38125e-07
-1.98437e-06
-2.11125e-06
-3.02937e-06
-3.70688e-06
-3.4525e-06
-2.5325e-06
-1.08875e-06
-3.53125e-07
1.5875e-07
9.78125e-07
2.11812e-06
3.42437e-06
3.84625e-06
3.415e-06
1.66625e-06
-5.5e-08
-3.15625e-07
5.1875e-08
9.98125e-07
1.56875e-06
1.53063e-06
1.1425e-06
1.115e-06
1.02687e-06
-6.575e-07
-1.43063e-06
-1.885e-06
-4.04e-06
-5.76438e-06
-5.82625e-06
-3.95e-06
-1.0875e-06
9.8125e-07
1.59812e-06
2.71625e-06
4.64125e-06
4.27625e-06
3.06375e-06
2.88625e-06
2.25563e-06
1.70625e-06
1.58375e-06
1.44625e-06
6.225e-07
-1.77875e-06
-4.27e-06
-5.995e-06
-7.45875e-06
-8.27625e-06
-7.50187e-06
-4.95e-06
-2.46e-06
-1.40938e-06
-6.25e-10
3.75688e-06
7.21937e-06
8.06625e-06
8.4725e-06
8.6625e-06
6.47937e-06
2.52938e-06
-1.24562e-06
-3.87562e-06
-5.11625e-06
-5.30438e-06
-4.83812e-06
-5.04125e-06
-5.34375e-06
-3.65125e-06
-1.4425e-06
3.19375e-07
2.085e-06
2.9575e-06
2.88938e-06
2.0875e-06
1.49e-06
2.0475e-06
3.14187e-06
4.36375e-06
4.66563e-06
3.47e-06
1.41562e-06
-8.8875e-07
-2.57062e-06
-4.0075e-06
-5.38875e-06
-5.95937e-06
-5.58687e-06
-4.5e-06
-3.13625e-06
-1.66562e-06
-4.3875e-07
1.11687e-06
2.98563e-06
4.45812e-06
6.0175e-06
5.60125e-06
3.53688e-06
2.77937e-06
1.64813e-06
-8.7125e-07
-3.45875e-06
-3.78937e-06
-1.7125e-06
-1.3725e-06
-1.27687e-06
6.05625e-07
8.40625e-07
-9.875e-08
-6.80625e-07
-1.47187e-06
-2.06625e-06
-1.81562e-06
-5.6875e-08
2.36625e-06
3.89188e-06
3.52563e-06
1.93563e-06
1.36625e-06
9.34375e-07
-5.4625e-07
-1.38562e-06
-1.07125e-06
-4.68125e-07
2.74375e-07
5.10625e-07
-3.95625e-07
-6.21875e-07
1.6125e-07
-7.225e-07
-2.44937e-06
-2.01438e-06
-1.65938e-06
-3.0125e-06
-2.82875e-06
-1.78e-06
-1.80625e-06
-1.71875e-06
-5.9875e-07
1.54812e-06
3.48687e-06
5.12625e-06
6.2325e-06
4.57312e-06
8.73125e-07
-1.23063e-06
-1.29937e-06
-8.01875e-07
-5.59375e-07
-1.30375e-06
-1.48563e-06
-1.38e-06
-2.94313e-06
-4.46625e-06
-4.25562e-06
-3.08125e-06
-1.18125e-06
1.75375e-06
3.5075e-06
3.05125e-06
2.36125e-06
2.43562e-06
3.34375e-06
3.51312e-06
2.90313e-06
3.0675e-06
1.78437e-06
-9.00625e-07
-2.18e-06
-3.51875e-06
-4.87312e-06
-5.16625e-06
-5.41188e-06
-4.43e-06
-2.91062e-06
-1.53437e-06
-2.575e-07
5.3125e-08
9.78125e-07
2.20562e-06
2.66937e-06
3.20125e-06
4.39625e-06
4.94375e-06
4.06625e-06
2.64125e-06
7.31875e-07
-5.1e-07
-1.58062e-06
-2.695e-06
-2.77687e-06
-3.21375e-06
-3.50313e-06
-2.31e-06
-7.3875e-07
-3.775e-07
1.3125e-07
2.52312e-06
4.11625e-06
3.28875e-06
2.11125e-06
1.82125e-06
1.87625e-06
1.31e-06
7.71875e-07
6.29375e-07
-1.38375e-06
-4.67375e-06
-6.0375e-06
-5.90937e-06
-5.77687e-06
-4.13875e-06
-3.6125e-07
2.86125e-06
4.25438e-06
4.70437e-06
5.02437e-06
5.44063e-06
4.69875e-06
3.5075e-06
2.49625e-06
-1.6375e-07
-3.36125e-06
-4.505e-06
-4.09438e-06
-3.92312e-06
-3.30813e-06
-1.4975e-06
3.7e-07
1.23625e-06
6.34375e-07
1.05e-07
6.18125e-07
9.725e-07
1.35125e-06
1.885e-06
1.90062e-06
1.03313e-06
-8.3e-07
-2.33312e-06
-3.06e-06
-2.63375e-06
-1.54812e-06
-1.26e-06
-8.05625e-07
-8.86875e-07
-4.11875e-07
1.31875e-06
1.35187e-06
8.08125e-07
1.0075e-06
1.37125e-06
1.52813e-06
1.18187e-06
1.23125e-06
1.06625e-06
1.825e-07
3.2125e-07
9.825e-07
6.1375e-07
-2.125e-07
-5.6e-07
-7.9e-07
-2.11938e-06
-3.88187e-06
-5.39375e-06
-5.45562e-06
-2.99187e-06
-3.1875e-08
2.66062e-06
4.21187e-06
4.59938e-06
4.90187e-06
3.67625e-06
2.05188e-06
1.24375e-06
-6.975e-07
-3e-06
-3.41937e-06
-2.82e-06
-3.03063e-06
-3.19937e-06
-1.92688e-06
2.7375e-07
2.38687e-06
2.69625e-06
2.10937e-06
2.185e-06
6.1375e-07
-1.94e-06
-3.95875e-06
-5.1775e-06
-3.11062e-06
1.09938e-06
4.11688e-06
4.23688e-06
2.44875e-06
1.46937e-06
1.425e-07
-1.92062e-06
-2.00875e-06
-3.55625e-07
3.43125e-07
-6.80625e-07
-1.43937e-06
-1.1725e-06
-9.50625e-07
3.5e-08
2.10375e-06
3.67687e-06
4.33125e-06
4.0825e-06
2.94937e-06
4.11875e-07
-2.71063e-06
-4.6775e-06
-6.15687e-06
-6.49187e-06
-5.01375e-06
-2.65375e-06
-5.2875e-07
9.875e-08
7.46875e-07
2.19875e-06
3.19062e-06
4.405e-06
6.23313e-06
6.99937e-06
5.59875e-06
2.65875e-06
-3.5375e-07
-2.01687e-06
-2.71125e-06
-3.57e-06
-4.01438e-06
-3.67563e-06
-3.59625e-06
-4.2275e-06
-4.83812e-06
-3.94e-06
-1.125e-06
1.4525e-06
2.66687e-06
2.9975e-06
3.07125e-06
3.14625e-06
2.36625e-06
1.61875e-06
1.37875e-06
1.075e-06
1.47875e-06
2.32938e-06
2.00375e-06
4e-08
-1.90438e-06
-2.6925e-06
-2.38937e-06
-1.715e-06
-1.21563e-06
-8.36875e-07
-1.69313e-06
-3.44313e-06
-3.575e-06
-2.28875e-06
-1.34375e-06
6.3125e-08
2.93312e-06
6.02062e-06
7.54312e-06
7.28812e-06
5.28e-06
1.855e-06
-9.75e-08
-9.78125e-07
-3.28437e-06
-5.5575e-06
-6.5275e-06
-5.48688e-06
-3.23438e-06
-1.18812e-06
8.86875e-07
1.3e-06
4.525e-07
4.03125e-07
6.325e-07
6.59375e-07
9.05e-07
2.07625e-06
3.07187e-06
2.7325e-06
1.77375e-06
5.69375e-07
-4.86875e-07
-9.31875e-07
-1.30313e-06
-2.24063e-06
-2.61562e-06
-2.345e-06
-2.70625e-06
-2.81625e-06
-2.54125e-06
-2.13625e-06
-9.05625e-07
2.58125e-07
1.08688e-06
2.07312e-06
3.08375e-06
3.5e-06
2.80187e-06
2.4125e-06
2.2075e-06
8.5625e-07
-2.8125e-07
-4.5125e-07
-2.3875e-07
-9.00625e-07
-2.45938e-06
-2.73e-06
-3.3575e-06
-4.3525e-06
-2.815e-06
-1.04e-06
-1.775e-07
9.025e-07
2.03688e-06
2.93938e-06
2.91188e-06
3.39937e-06
4.95438e-06
4.99313e-06
3.55812e-06
1.685e-06
-8.6875e-08
-9.48125e-07
-2.14125e-06
-2.85813e-06
-2.835e-06
-3.56437e-06
-4.1e-06
-4.20937e-06
-3.2925e-06
-2.56125e-06
-2.7425e-06
-1.185e-06
6.9875e-07
2.2125e-06
3.85125e-06
4.10688e-06
3.58562e-06
3.3275e-06
3.96687e-06
3.86437e-06
2.48375e-06
1.53562e-06
1.825e-07
-1.76563e-06
-3.45937e-06
-5.09625e-06
-6.77875e-06
-6.53938e-06
-4.57125e-06
-2.94313e-06
-1.01188e-06
2.39375e-07
9.56875e-07
2.2025e-06
3.58875e-06
5.21937e-06
5.53437e-06
5.00312e-06
4.1275e-06
2.6025e-06
1.70437e-06
6.25625e-07
-7.4e-07
-1.74313e-06
-2.73e-06
-3.75875e-06
-4.79312e-06
-5.29313e-06
-4.66063e-06
-3.25625e-06
-2.11688e-06
-1.04563e-06
1.85625e-07
1.38875e-06
3.28875e-06
5.19313e-06
5.42812e-06
4.49625e-06
4.26187e-06
4.6025e-06
3.7075e-06
1.23562e-06
-1.19688e-06
-2.325e-06
-3.33e-06
-4.93562e-06
-6.20438e-06
-7.13687e-06
-7.05062e-06
-5.57e-06
-3.46125e-06
-1.09375e-06
7.85625e-07
2.59062e-06
4.88063e-06
7.30562e-06
8.56312e-06
7.895e-06
7.04562e-06
5.42875e-06
2.69375e-06
-1.6875e-07
-3.61875e-06
-6.55875e-06
-8.33313e-06
-8.76687e-06
-7.43562e-06
-4.70563e-06
-1.97062e-06
-9e-07
-1.9375e-07
1.54687e-06
3.44687e-06
4.59875e-06
4.19937e-06
3.60125e-06
3.975e-06
3.73e-06
2.39812e-06
1.59375e-07
-1.8225e-06
-2.8225e-06
-3.08312e-06
-2.02938e-06
-1.7275e-06
-2.645e-06
-3.025e-06
-3.60062e-06
-3.52625e-06
-1.51312e-06
-1.00625e-07
-3.56875e-07
5.33125e-07
2.83188e-06
4.20875e-06
4.4525e-06
4.30125e-06
4.14063e-06
4.09062e-06
2.81125e-06
2.6125e-07
-1.60625e-06
-3.07875e-06
-3.98312e-06
-2.90625e-06
-2.0775e-06
-2.33625e-06
-1.95375e-06
-1.12562e-06
-1.825e-07
-1.98125e-07
-1.185e-06
-1.9775e-06
-2.21e-06
-1.22187e-06
3.075e-07
1.41937e-06
2.53937e-06
4.37125e-06
6.08625e-06
5.67875e-06
3.03125e-06
8.76875e-07
1.73125e-07
-1.47062e-06
-3.99687e-06
-5.78312e-06
-6.48188e-06
-6.3225e-06
-5.04063e-06
-2.39063e-06
1.35625e-07
2.68437e-06
4.98437e-06
5.34375e-06
4.765e-06
4.455e-06
4.35e-06
3.33125e-06
1.23187e-06
-7.49375e-07
-1.92312e-06
-1.60375e-06
-9.64375e-07
-1.49312e-06
-2.71063e-06
-3.71562e-06
-3.70875e-06
-3.30625e-06
-3.02062e-06
-1.72812e-06
-6.1375e-07
-5.575e-07
5.34375e-07
2.40188e-06
3.53438e-06
4.06375e-06
3.89312e-06
3.07125e-06
2.82438e-06
2.9525e-06
2.1225e-06
-1.51875e-07
-3.30188e-06
-5.04063e-06
-5.18625e-06
-5.30875e-06
-5.08187e-06
-4.15188e-06
-2.11375e-06
6.5375e-07
2.44375e-06
3.2425e-06
3.88625e-06
4.49375e-06
4.4625e-06
3.9325e-06
3.29938e-06
1.96688e-06
5.03125e-07
-8.275e-07
-2.05625e-06
-2.91688e-06
-3.79e-06
-4.73187e-06
-5.17812e-06
-3.92937e-06
-1.90438e-06
-9.20625e-07
-2.5875e-07
5.09375e-07
1.39e-06
2.115e-06
1.80813e-06
1.43562e-06
1.2275e-06
1.2125e-06
2.1025e-06
2.72687e-06
2.78062e-06
2.2575e-06
9.225e-07
-1.60625e-07
-1.485e-06
-2.71812e-06
-2.5325e-06
-2.19187e-06
-1.96125e-06
-2.16937e-06
-2.91688e-06
-2.82812e-06
-2.81875e-06
-2.27312e-06
-5.5625e-08
2.20875e-06
3.55312e-06
4.1125e-06
4.22312e-06
3.69937e-06
2.4125e-06
1.285e-06
7.025e-07
-4.375e-09
-1.13125e-06
-2.69375e-06
-3.57437e-06
-3.07437e-06
-2.43562e-06
-1.45313e-06
-3.8625e-07
4.00625e-07
1.41937e-06
1.08e-06
-4.8125e-08
-2.04375e-07
-8.125e-09
-1.2e-07
-5.88125e-07
-1.95625e-07
1.50688e-06
3.415e-06
4.20188e-06
2.5075e-06
-2.1e-07
-1.725e-06
-1.96312e-06
-1.64813e-06
-1.68312e-06
-1.72375e-06
-1.62937e-06
-1.39e-06
-5.85625e-07
4.7875e-07
2.07688e-06
2.68062e-06
1.22938e-06
-4.05625e-07
-1.5975e-06
-2.03312e-06
-1.61688e-06
-1.16062e-06
-7.775e-07
-7.3375e-07
5.5625e-08
1.79187e-06
2.89188e-06
3.28e-06
1.84188e-06
-2.525e-07
-1.14375e-06
-1.75812e-06
-1.3725e-06
-9.525e-07
-7.06875e-07
-1.375e-08
2.3125e-07
1.36437e-06
2.37e-06
2.07688e-06
9.10625e-07
-5.9125e-07
-5.95e-07
-7.61875e-07
-1.48688e-06
-1.41375e-06
-1.53812e-06
-1.0025e-06
-6e-07
-5.9e-07
6.38125e-07
1.53437e-06
1.63625e-06
1.36688e-06
4.625e-07
-2.25e-07
-2.0625e-08
-1.8125e-08
-5.7375e-07
-1.4375e-08
7.2375e-07
5.29375e-07
-2.16875e-07
-1.74375e-06
-2.63875e-06
-1.69562e-06
2.01875e-07
9.7375e-07
8.99375e-07
1.40812e-06
9.24375e-07
-6.8625e-07
-1.8675e-06
-2.14875e-06
-2.27e-06
-1.71812e-06
2.1625e-07
6.0875e-07
1.0625e-07
5.3875e-07
5.625e-09
-8.66875e-07
-6.58125e-07
2.55e-07
1.005e-06
1.00063e-06
8.84375e-07
1.10625e-06
8.8375e-07
1.68125e-07
-6.14375e-07
-9.075e-07
-5.34375e-07
-3.46875e-07
-5.5625e-08
-2.1875e-07
-1.05e-06
-1.18062e-06
-7.35e-07
-3.29375e-07
-4.6875e-07
2.9875e-07
2.01188e-06
2.11375e-06
2.22375e-06
2.99313e-06
2.67e-06
1.99937e-06
1.02937e-06
-5.65e-07
-1.9225e-06
-2.33937e-06
-2.22812e-06
-2.59375e-06
-3.40125e-06
-4.30313e-06
-4.135e-06
-1.63062e-06
1.33438e-06
2.73938e-06
2.97875e-06
2.74812e-06
2.34e-06
1.69562e-06
1.0425e-06
4.3875e-07
-8.8125e-08
-1.75e-07
-5.45e-07
-1.33125e-06
-1.67625e-06
-1.47312e-06
-1.09437e-06
-3.59375e-07
1.05875e-06
2.52438e-06
2.89688e-06
1.60187e-06
4.4375e-07
-2.64375e-07
-1.88625e-06
-3.49188e-06
-3.84812e-06
-2.43437e-06
-1.17187e-06
-4.84375e-07
1.7375e-07
-4.2125e-07
-7.79375e-07
-3.85e-07
7.5125e-07
2.08563e-06
2.19375e-06
3.03938e-06
3.85937e-06
2.57375e-06
3.48125e-07
-1.09063e-06
-1.22312e-06
-1.44e-06
-6.05625e-07
4.725e-07
-8.55625e-07
-2.07562e-06
-2.70813e-06
-3.42313e-06
-2.97438e-06
-1.64875e-06
-2.6625e-07
5.5125e-07
1.63938e-06
3.18125e-06
4.23437e-06
4.8475e-06
4.16813e-06
2.0425e-06
5.8125e-07
2.84375e-07
4.5625e-08
-8.76875e-07
-2.72375e-06
-4.38062e-06
-4.51e-06
-3.24875e-06
-2.07125e-06
-9.70625e-07
4.95625e-07
1.37813e-06
1.51312e-06
1.25812e-06
1.18438e-06
1.01375e-06
7.39375e-07
1.46563e-06
2.105e-06
1.6875e-06
1.02062e-06
3.93125e-07
-1.18125e-07
-1.04813e-06
-2.3525e-06
-2.845e-06
-2.58625e-06
-2.285e-06
-1.96562e-06
-1.13812e-06
-1.69375e-07
2.15e-07
3.88125e-07
8.175e-07
1.35875e-06
1.13063e-06
4.94375e-07
4.5375e-07
6.51875e-07
5.0625e-07
-8.68125e-07
-2.66062e-06
-3.15937e-06
-2.28437e-06
-1.265e-06
-1.98125e-07
1.3275e-06
1.71125e-06
1.66562e-06
1.3575e-06
2.81875e-07
2.35e-07
1.73125e-07
-3.15625e-07
3.8125e-08
9.65e-07
1.53437e-06
9.09375e-07
-4.75e-08
-8.69375e-07
-1.385e-06
-1.66125e-06
-2.45125e-06
-2.01875e-06
-4.55625e-07
5.40625e-07
1.53625e-06
1.93313e-06
1.51813e-06
1.66687e-06
1.91125e-06
1.705e-06
2.02812e-06
2.70687e-06
2.63562e-06
1.4825e-06
3.375e-07
-5.5625e-07
-1.95e-06
-3.12375e-06
-4.05937e-06
-4.86625e-06
-5.64125e-06
-5.66e-06
-3.37062e-06
-4.48125e-07
1.05187e-06
1.61563e-06
2.725e-06
3.795e-06
4.11375e-06
4.14063e-06
3.79438e-06
3.685e-06
2.95562e-06
1.0975e-06
-1.22e-06
-3.70313e-06
-5.6525e-06
-6.70437e-06
-5.96437e-06
-4.16875e-06
-2.16625e-06
2.01875e-07
1.26188e-06
1.37938e-06
1.79125e-06
2.01375e-06
2.39688e-06
2.65188e-06
2.58562e-06
2.92313e-06
2.71313e-06
2.29375e-06
2.76375e-06
2.80938e-06
2.02938e-06
