# stat 417 comp     2 type vel samp 8.000000 ndat 2695 s_x 12.600500 s_y 50.530499 s_z 0.528000 e_x 0.000000 e_y 0.000000 e_z 0.000000 start 2000-09-08 18:35:52.296001
1.74375e-07
1.00625e-07
2.6875e-07
2e-07
-8.75e-09
-4.36875e-07
-6.54375e-07
-4.9375e-07
-4.475e-07
-3.14375e-07
-2.94375e-07
-2e-07
-2.4125e-07
-2.8125e-07
-1.75e-08
-1.10625e-07
3.0875e-07
5.4875e-07
3.9125e-07
7.38125e-07
5.50625e-07
5.325e-07
3.4e-07
-2.85e-07
-3.63125e-07
-6.575e-07
-6.38125e-07
-3.925e-07
-4.7625e-07
-4.325e-07
-5.35e-07
-3.925e-07
-7e-08
4.4375e-08
3.08125e-07
6.01875e-07
9.18125e-07
8.075e-07
1.99375e-07
-4.875e-08
-1.5875e-07
5.125e-08
2.375e-07
-4.175e-07
-6.65e-07
-7.125e-07
-8.6875e-07
-3.8625e-07
-1.35e-07
6.375e-08
2.69375e-07
2.225e-07
3.9125e-07
3.86875e-07
3.31875e-07
1.21875e-07
8.75e-08
4.09375e-07
2.36875e-07
-3.75e-08
-2.375e-07
-2.325e-07
-2.625e-07
-4.78125e-07
-3.53125e-07
-4.3875e-07
-4.6e-07
-3.09375e-07
-3.3e-07
-1.9375e-07
0
3.425e-07
5.68125e-07
5.6375e-07
5.28125e-07
1.93125e-07
1.10625e-07
1.69375e-07
-6.5e-08
-4.125e-08
-1.725e-07
-4.00625e-07
-4.90625e-07
-6.9125e-07
-5.7e-07
-3.59375e-07
-5.6875e-08
1.925e-07
2.6875e-08
8.0625e-08
2.15e-07
2.34375e-07
2.2625e-07
5.875e-08
1.5e-07
1.60625e-07
-5.8125e-08
-9.4375e-08
-2.4e-07
-2.50625e-07
-1.9375e-07
-1.3875e-07
8.375e-08
-9.375e-09
2.0625e-08
8.75e-08
-4.5e-08
1.4375e-08
-1.8e-07
-2.69375e-07
-7.3125e-08
-1.8125e-08
8.25e-08
1.9375e-08
-1.4375e-07
-1.99375e-07
-2.2875e-07
-3.5e-08
2.1625e-07
2.3875e-07
7.3125e-08
-1.93125e-07
-2.69375e-07
-1.18125e-07
-1.15e-07
-1.875e-08
5.625e-08
-4.8125e-08
-6.25e-10
-1.49375e-07
-9.375e-08
9.625e-08
-1.75e-08
4.0625e-08
-6.25e-08
-2.375e-07
-2.25625e-07
-2.65e-07
-4.6875e-08
2e-07
1.01875e-07
-5.625e-09
-1.15625e-07
-2.425e-07
3.25e-08
2.45e-07
-8.75e-09
-2.25625e-07
-3.66875e-07
-2.79375e-07
-1.29375e-07
-1.26875e-07
-1.5625e-08
9.9375e-08
3.09375e-07
1.88125e-07
1.75e-08
2.6625e-07
2.23125e-07
6e-08
-8.1875e-08
-2.89375e-07
-3.79375e-07
-5.475e-07
-6.075e-07
-3.825e-07
-2.88125e-07
-2.725e-07
-4.875e-08
4.5625e-08
2.4125e-07
4.025e-07
2.775e-07
3.15e-07
9.4375e-08
-1.375e-08
4.5e-08
-1.68125e-07
-3.75e-09
-1.38125e-07
-4.18125e-07
-2.73125e-07
-5.49375e-07
-5.11875e-07
-1.6875e-07
-2.13125e-07
2.5e-08
1.46875e-07
1.15625e-07
2.05625e-07
-1.5125e-07
-3.025e-07
-8.3125e-08
1.66875e-07
4.9625e-07
2.35625e-07
6.1875e-08
1.05625e-07
-1.76875e-07
-2.76875e-07
-6.525e-07
-7.15e-07
-2.2125e-07
6.0625e-08
2.825e-07
1.875e-09
-3e-07
-1.2625e-07
-3.4375e-08
1.80625e-07
3.9375e-07
2.4625e-07
1.66875e-07
2.3125e-07
2.00625e-07
-7.3125e-08
-6.6875e-07
-7.13125e-07
-3.28125e-07
-1.425e-07
8.9375e-08
-1.23125e-07
-1.80625e-07
5.625e-08
-6.6875e-08
1.93125e-07
3.34375e-07
3.0375e-07
4.2625e-07
-1.3125e-08
-2.5625e-07
-3.4e-07
-5.5125e-07
-1.8375e-07
-4.1875e-08
-1.08125e-07
1.1125e-07
-1.04375e-07
-2.79375e-07
-1.33125e-07
-1.20625e-07
7.875e-08
2.7e-07
4.65625e-07
3.49375e-07
-3.075e-07
-5.2e-07
-4.9e-07
-1.48125e-07
3.375e-08
-2.94375e-07
-1.2625e-07
5.125e-08
3.06875e-07
1.65625e-07
-3.28125e-07
-2.425e-07
-1.49375e-07
5e-08
-1.85e-07
-1.13125e-07
1.37375e-06
4.25125e-06
6.10125e-06
3.45375e-06
6.1125e-07
-1.27437e-06
-1.82562e-06
1.12188e-06
-1.71812e-06
-5.01562e-06
-3.49062e-06
-6.01437e-06
-2.61688e-06
2.10563e-06
-3.77688e-06
-7.29937e-06
-2.89937e-06
5.16812e-06
8.00062e-06
3.64812e-06
2.31875e-06
-4.8375e-07
-5.73625e-06
-1.89875e-06
3.74875e-06
-1.7875e-07
-5.05375e-06
-1.59125e-06
8.75e-09
1.1e-07
4.295e-06
-6.25e-08
-1.685e-06
3.25e-06
8.7625e-07
1.1025e-06
2.36437e-06
-9.25625e-07
-2.07438e-06
-1.29e-06
-4.075e-07
1.25e-07
8.1375e-07
-1.9125e-07
-3.10625e-07
2.01062e-06
-3.9e-07
-2.66813e-06
-4.31375e-06
-5.93875e-06
-1.1875e-07
3.55125e-06
1.4375e-06
1.19062e-06
4.37562e-06
4.44438e-06
2.22625e-06
4.96125e-06
1.52125e-06
-4.63125e-06
-2.18937e-06
-4.35e-07
-1.03313e-06
-7.81875e-07
-2.67688e-06
-4.50562e-06
-2.00625e-06
6.8375e-07
1.54188e-06
2.78562e-06
1.1275e-06
-1.30188e-06
6.08125e-07
3.48563e-06
2.665e-06
-3.625e-07
-1.79375e-07
6.90625e-07
-1.71937e-06
-2.235e-06
-4.25625e-07
1.56875e-07
-5.5375e-07
-1.29313e-06
-1.15e-06
-1.135e-06
-3.9625e-07
1.94875e-06
2.80625e-06
1.02563e-06
-1.85625e-07
-8.36875e-07
-1.80687e-06
-2.20937e-06
-8.5625e-07
1.48312e-06
1.09562e-06
4.375e-07
4.53125e-07
9.23125e-07
1.66187e-06
4.80625e-07
-3.85625e-07
-1.9775e-06
-1.65938e-06
-7.9375e-08
-5.90625e-07
1.22187e-06
3.02813e-06
2.78125e-07
-2.85437e-06
1.35625e-07
2.02375e-06
-6.2875e-07
-3.01875e-07
-7.33125e-07
-3.21125e-06
-2.50688e-06
-1.23125e-07
-1.64813e-06
-4.015e-06
-2.22812e-06
-6.50625e-07
9.9375e-07
3.085e-06
3.50062e-06
3.57375e-06
3.61e-06
3.915e-06
2.825e-06
1.8675e-06
-5.9125e-07
-4.60125e-06
-4.94813e-06
-5.95187e-06
-4.61063e-06
-1.39312e-06
-1.01125e-06
1.125e-06
2.41e-06
1.57812e-06
1.3775e-06
2.96813e-06
2.15875e-06
1.63437e-06
2.4525e-06
-1.07e-06
5.2125e-07
3.13375e-06
6.83125e-07
-1.59375e-06
-3.96563e-06
-2.85062e-06
-2.06563e-06
-2.77813e-06
-1.04937e-06
-3.8625e-07
2.49375e-07
1.31e-06
7.18125e-07
8.125e-07
1.3625e-06
1.50562e-06
2.76937e-06
1.85875e-06
-1.13375e-06
-3.7125e-07
1.00063e-06
3.85e-07
6.9125e-07
-7.01875e-07
-1.92e-06
-9.8125e-07
-1.93687e-06
-2.45375e-06
-1.18625e-06
-1.63875e-06
-1.9175e-06
-1.59375e-07
-5.625e-08
1.9375e-07
1.94875e-06
1.32688e-06
1.00125e-06
1.99e-06
1.62625e-06
7.8875e-07
1.3525e-06
1.50437e-06
-4.6625e-07
-2.55e-07
5.975e-07
-1.16313e-06
-2.04e-06
-1.65562e-06
-2.37562e-06
-2.58313e-06
-8.5875e-07
-7.13125e-07
-8.21875e-07
6.9375e-07
8.33125e-07
8.05e-07
1.33875e-06
1.35813e-06
2.57875e-06
1.81063e-06
-1.82437e-06
-9.5375e-07
8.1625e-07
1.20625e-07
6.04375e-07
6.5625e-08
-9.01875e-07
-1.14937e-06
-5.44375e-07
-4.4125e-07
-1.45438e-06
-8.6625e-07
-6.94375e-07
-6.95625e-07
-1.01625e-06
-2.2425e-06
1.9e-07
1.55063e-06
-5.38125e-07
-4.45625e-07
5.4375e-07
2.67688e-06
4.27437e-06
3.08125e-06
1.88062e-06
1.26e-06
1.03375e-06
-1.04375e-07
-1.61312e-06
-2.73313e-06
-2.3625e-06
-1.36938e-06
-2.28313e-06
-1.96187e-06
-1.0475e-06
-4.33125e-07
-2.9e-07
-1.37e-06
2.1875e-08
1.53063e-06
2.3575e-06
4.45e-06
3.00813e-06
-7.39375e-07
-1.95437e-06
-3.39375e-07
1.53312e-06
-3.84375e-07
-1.82e-06
-3.125e-09
1.4e-07
4.2125e-07
2.47437e-06
1.4375e-06
-1.8925e-06
-3.16063e-06
-3.23e-06
-2.30938e-06
-9.8125e-07
-3.54375e-07
1.005e-06
2.04375e-06
1.42937e-06
-6.75625e-07
-2.07e-06
1.53125e-07
1.97687e-06
6.8125e-07
6.9875e-07
8.63125e-07
-4.125e-08
4.475e-07
-1.10625e-07
-2.30437e-06
-1.78625e-06
6.34375e-07
1.07125e-06
7.1125e-07
-5.4375e-08
-1.39188e-06
-2.31e-06
-2.2275e-06
-8.03125e-07
1.18125e-06
2.50625e-06
3.43813e-06
4.42437e-06
2.78e-06
4.31875e-07
-1.32563e-06
-3.33875e-06
-3.3125e-06
-2.43063e-06
-1.95187e-06
-2.75437e-06
-2.03125e-06
1.14625e-06
1.58e-06
-2.70625e-07
-7.275e-07
1.165e-06
2.3775e-06
2.665e-06
2.19437e-06
7.26875e-07
1.15375e-06
-3.88125e-07
-1.55375e-06
1.79125e-06
1.91125e-06
-3.6125e-07
-9.7375e-07
-9.4375e-07
9.625e-08
-8.28125e-07
-1.84e-06
-1.40625e-07
-9.94375e-07
-2.01875e-06
7.6625e-07
1.24187e-06
-8.2375e-07
2.5e-07
1.67375e-06
4.2625e-07
1.0525e-06
6.8625e-07
-1.185e-06
9.73125e-07
6.49375e-07
-2.30812e-06
-2.4075e-06
-1.57687e-06
-1.065e-06
-2.44375e-07
9.91875e-07
-4.0125e-07
-7.3375e-07
1.37312e-06
3.25625e-07
-8.58125e-07
-3.65625e-07
-1.10625e-07
-4.25625e-07
1.045e-06
2.33188e-06
-6.18125e-07
-5.78125e-07
1.65062e-06
-1.45e-07
-2.735e-06
-2.565e-06
-5.91875e-07
-1.18875e-06
-1.67813e-06
4.8625e-07
2.06875e-06
2.05438e-06
1.83188e-06
2.96375e-06
2.36687e-06
3.4375e-07
1.19375e-07
-1.03313e-06
-2.04e-06
-1.39375e-06
-2.2025e-06
-2.415e-06
-1e-06
-1.2e-07
-5.18125e-07
-1.03313e-06
9.125e-08
1.35125e-06
2.59875e-06
2.6175e-06
1.22688e-06
6.70625e-07
-3.1e-07
-2.0425e-06
-2.73875e-06
-2.21063e-06
-1.81125e-06
-3.1375e-07
1.68437e-06
2.04875e-06
1.49437e-06
-3.75e-08
-1.07875e-06
2.025e-07
1.67e-06
1.65e-07
-8.44375e-07
1.63125e-07
-9.13125e-07
3.125e-09
1.72812e-06
-1.925e-07
-6.85625e-07
-2.9e-07
-1.15375e-06
-1.95625e-07
1.49625e-06
2.2e-07
-5.625e-07
4.9375e-07
-6.96875e-07
4e-08
1.81437e-06
7.1875e-08
-4.375e-09
-1.875e-08
-9.9875e-07
1.17563e-06
2.17875e-06
7.95e-07
-1.635e-06
-3.00625e-06
-1.23938e-06
-1.06125e-06
-1.82812e-06
-2.05e-07
1.41875e-06
7.6125e-07
1.21375e-06
3.46875e-06
2.1725e-06
-4.95e-07
-8.55625e-07
-5.83125e-07
-1.41313e-06
-1.98375e-06
-2.4625e-07
-1.01875e-07
-2.98937e-06
-2.84063e-06
-6.45e-07
-7.40625e-07
-6.51875e-07
8.83125e-07
2.0325e-06
1.39625e-06
2.5125e-06
3.14625e-06
1.0625e-07
4.1875e-08
1.085e-06
1.24e-06
2.0525e-06
1.205e-06
-5.09375e-07
-3.11437e-06
-4.08438e-06
-2.89937e-06
-2.01062e-06
-2.28125e-07
9.34375e-07
1.09562e-06
1.025e-07
-4.2125e-07
1.2e-07
-1.575e-07
1.285e-06
2.6575e-06
2.79062e-06
2.33875e-06
1.74125e-06
2.34375e-07
-2.41812e-06
-2.05e-06
-3.07062e-06
-4.36312e-06
-2.73938e-06
-2.57125e-06
-1.28e-06
-1.37187e-06
-1.165e-06
2.71e-06
3.14187e-06
3.04188e-06
5.00312e-06
3.97063e-06
2.01188e-06
3.30125e-06
1.95e-06
-2.985e-06
-1.79312e-06
-3.35625e-07
-2.41875e-06
-1.53938e-06
-1.8125e-08
1.825e-07
-3.005e-06
-3.4775e-06
-1.2e-07
-1.95313e-06
-2.36813e-06
-8.7625e-07
-2.57188e-06
-2.67875e-06
3.1875e-07
2.13063e-06
1.96688e-06
4.16e-06
4.03437e-06
8.41875e-07
2.0875e-07
5.9625e-07
1.55375e-06
8.05625e-07
-7.95e-07
-1.0725e-06
-2.54688e-06
-1.76125e-06
1.47625e-06
1.3325e-06
-1.465e-06
-3.2175e-06
-3.1075e-06
-1.59937e-06
-6.875e-07
-1.16125e-06
-8.225e-07
2.84375e-07
2.125e-08
6.70625e-07
9.1625e-07
-1.75375e-06
1.63625e-06
6.02875e-06
3.39875e-06
2.94125e-06
1.93375e-06
6.98125e-07
2.85875e-06
1.38938e-06
-7.5125e-07
-4.09375e-06
-1.02163e-05
-1.15719e-05
-8.59187e-06
-4.13187e-06
-3.71875e-07
3.22313e-06
8.33812e-06
1.15356e-05
1.45731e-05
1.86031e-05
2.22056e-05
2.54231e-05
2.69837e-05
2.36762e-05
1.35963e-05
1.58625e-06
-1.36137e-05
-3.42537e-05
-4.97637e-05
-5.28687e-05
-4.96487e-05
-4.15062e-05
-2.34763e-05
2.5375e-07
2.05337e-05
2.74312e-05
2.59969e-05
2.25269e-05
1.10069e-05
2.97938e-06
3.69375e-07
-1.12625e-06
9.00875e-06
1.97687e-05
1.75531e-05
7.27312e-06
-2.81187e-06
-9.76438e-06
-1.54644e-05
-1.61594e-05
-1.10419e-05
-1.02e-05
-1.89175e-05
-2.511e-05
-2.14375e-05
-1.7925e-05
-1.37275e-05
-3.1575e-06
5.5075e-06
1.445e-05
3.417e-05
5.727e-05
6.62425e-05
5.43625e-05
3.29125e-05
9.8625e-06
-1.37675e-05
-3.29175e-05
-4.73575e-05
-5.27275e-05
-4.8705e-05
-4.13975e-05
-2.93075e-05
-1.42075e-05
8.25e-08
1.32025e-05
2.20925e-05
2.18375e-05
2.08969e-05
2.42344e-05
2.41525e-05
2.64913e-05
2.83894e-05
2.40369e-05
2.28131e-05
1.86431e-05
6.78313e-06
-8.44687e-06
-2.73969e-05
-4.03969e-05
-3.93656e-05
-3.33906e-05
-3.14687e-05
-2.83362e-05
-2.16463e-05
-1.25962e-05
-6.25e-09
1.44737e-05
2.87337e-05
3.39112e-05
3.26681e-05
3.38506e-05
3.09431e-05
2.35731e-05
1.63731e-05
8.10563e-06
-2.59375e-07
-6.78437e-06
-1.01569e-05
-1.29969e-05
-2.07144e-05
-2.95094e-05
-3.44294e-05
-3.509e-05
-3.254e-05
-2.579e-05
-1.212e-05
9.5e-07
1.172e-05
2.567e-05
3.771e-05
4.3385e-05
4.39388e-05
3.80437e-05
2.59538e-05
1.22037e-05
-3.32625e-06
-1.75162e-05
-2.67262e-05
-3.35987e-05
-3.50625e-05
-2.9755e-05
-1.98675e-05
-1.237e-05
-1.04925e-05
-4.4425e-06
3.7275e-06
7.3675e-06
7.90125e-06
8.765e-06
1.20075e-05
1.44969e-05
1.64794e-05
1.61463e-05
1.03137e-05
2.43875e-06
-4.48125e-06
-7.45875e-06
-8.91187e-06
-1.30269e-05
-1.47656e-05
-1.44906e-05
-1.60256e-05
-1.51463e-05
-7.69625e-06
3.45375e-06
1.28163e-05
1.92362e-05
2.28487e-05
2.21206e-05
1.53756e-05
6.30312e-06
-1.32937e-06
-6.45438e-06
-6.31e-06
-4.21687e-06
-3.70187e-06
-9.65e-07
5.445e-06
6.91188e-06
2.18688e-06
-2.33812e-06
-9.19563e-06
-1.36881e-05
-1.35562e-05
-1.38206e-05
-1.31519e-05
-1.03569e-05
-2.97187e-06
4.79812e-06
1.25156e-05
2.25656e-05
2.63481e-05
2.25681e-05
1.56306e-05
7.77562e-06
-3.11437e-06
-1.40244e-05
-1.76419e-05
-1.94981e-05
-1.78481e-05
-9.17562e-06
-1.26812e-06
2.31188e-06
-1.75e-07
-3.285e-06
-5.30438e-06
-8.43687e-06
-7.00188e-06
-5.39812e-06
-2.07812e-06
7.37437e-06
1.60769e-05
2.05419e-05
2.05594e-05
2.00406e-05
1.61056e-05
9.02812e-06
4.74063e-06
-4.04438e-06
-1.42519e-05
-1.87544e-05
-2.23869e-05
-2.23194e-05
-1.82194e-05
-1.17444e-05
-2.08937e-06
5.39312e-06
1.24256e-05
1.93381e-05
2.17019e-05
1.92694e-05
1.24244e-05
4.09438e-06
-3.37062e-06
-1.02106e-05
-1.58756e-05
-1.58419e-05
-1.10819e-05
-7.82437e-06
-3.79188e-06
-1.24375e-07
4.33125e-07
2.71187e-06
3.1975e-06
6.7e-07
1.0625e-06
2.60938e-06
6.35688e-06
9.36938e-06
8.05688e-06
6.49938e-06
3.16437e-06
2.11875e-07
-1.06312e-06
-1.33187e-06
-8.0625e-08
7.75625e-07
6.725e-07
-3.1575e-06
-5.68812e-06
-3.635e-06
-6.625e-07
2.425e-06
4.09563e-06
5.3775e-06
4.67875e-06
1.72625e-06
-5.2e-07
-2.43187e-06
-6.85687e-06
-1.07569e-05
-6.86188e-06
-3.55688e-06
-5.13688e-06
-4.52187e-06
-2.10125e-06
1.31625e-06
2.87562e-06
2.72312e-06
3.23125e-06
2.94062e-06
4.33313e-06
5.22875e-06
2.26875e-06
-8.4375e-07
-1.5525e-06
-9.2125e-07
-8e-07
-2.13812e-06
-2.62187e-06
-1.86313e-06
-3.44625e-06
-4.89188e-06
-6.40062e-06
-6.08563e-06
8.6875e-08
2.93438e-06
3.21125e-06
5.62875e-06
4.67937e-06
2.21625e-06
4.3e-07
-5.49375e-07
-5.49375e-07
-3.59687e-06
-5.77875e-06
-4.28188e-06
-4.80562e-06
-4.95e-06
-3.04312e-06
-1.32375e-06
-1.3375e-07
1.9e-07
9.5375e-07
-2.98125e-07
-6.1625e-07
2.15375e-06
3.64938e-06
5.43063e-06
7.19563e-06
8.255e-06
8.69437e-06
5.88437e-06
2.23937e-06
-8.875e-08
-4.76125e-06
-9.19125e-06
-8.92187e-06
-7.32687e-06
-5.16938e-06
-1.10687e-06
3.25812e-06
5.32375e-06
9.54625e-06
1.63713e-05
1.55212e-05
1.05638e-05
7.21875e-06
1.98125e-06
-4.55375e-06
-8.24875e-06
-8.56375e-06
-8.635e-06
-7.10563e-06
-3.94062e-06
-1.51375e-06
-1.53063e-06
-4.29562e-06
-4.92812e-06
-1.44062e-06
1.45687e-06
1.98375e-06
3.2725e-06
3.47062e-06
1.6875e-06
1.54812e-06
2.3175e-06
2.345e-06
9.2e-07
-2.0025e-06
-4.6825e-06
-5.69875e-06
-6.30937e-06
-4.76562e-06
-9.63125e-07
-1.63813e-06
-2.30313e-06
-2.22875e-06
-4.38062e-06
-1.965e-06
1.375e-08
-1.15625e-07
1.01812e-06
1.6775e-06
4.5325e-06
7.2275e-06
6.48062e-06
5.44312e-06
5.9925e-06
6.9875e-06
8.2025e-06
6.71875e-06
-6.7875e-07
-9.06625e-06
-1.13481e-05
-1.07425e-05
-1.25762e-05
-1.04131e-05
-3.83062e-06
-1.05312e-06
-4.68125e-07
3.16437e-06
7.54688e-06
7.54063e-06
7.75937e-06
1.08894e-05
1.07306e-05
9.13625e-06
7.255e-06
4.3575e-06
2.44562e-06
-4.29188e-06
-1.46119e-05
-1.72269e-05
-1.23494e-05
-7.15687e-06
-3.41437e-06
-4.26875e-07
1.91875e-06
2.9025e-06
2.825e-06
3.35813e-06
3.12938e-06
-9.03125e-07
-1.82562e-06
3.67187e-06
6.96437e-06
6.555e-06
4.31187e-06
2.81687e-06
2.7225e-06
2.34437e-06
6.66875e-07
-2.91312e-06
-3.8275e-06
-3.48875e-06
-5.65688e-06
-8.56937e-06
-1.00494e-05
-1.087e-05
-9.05125e-06
-2.93375e-06
3.62625e-06
9.33125e-06
1.04031e-05
1.03631e-05
1.229e-05
9.77688e-06
4.41688e-06
1.01875e-07
-7.325e-07
-9e-07
-2.2675e-06
-1.1625e-06
-1.30563e-06
-5.17063e-06
-9.22563e-06
-1.18381e-05
-1.22337e-05
-1.013e-05
-6.7925e-06
-1.87e-06
3.5375e-06
7.495e-06
9.87625e-06
9.56687e-06
8.0325e-06
4.9375e-06
1.6625e-06
7.26875e-07
-2.15625e-07
2.29e-06
4.17438e-06
-1.17313e-06
-3.34812e-06
-1.55937e-06
-6.77188e-06
-1.32994e-05
-1.33975e-05
-9.695e-06
-5.34e-06
-2.845e-06
1.595e-06
6.775e-06
9.16562e-06
1.022e-05
9.62062e-06
1.03675e-05
9.21687e-06
4.67188e-06
1.06688e-06
-3.75062e-06
-7.73062e-06
-8.77437e-06
-8.20813e-06
-4.57563e-06
-1.08062e-06
1.9375e-07
-2.66875e-07
-2.5825e-06
-4.1025e-06
-4.06312e-06
-2.3e-06
1.48e-06
4.595e-06
5.18188e-06
6.51812e-06
8.00375e-06
9.37062e-06
1.19406e-05
8.94062e-06
2.61562e-06
-9.41875e-07
-3.34312e-06
-3.90375e-06
-4.38938e-06
-8.77687e-06
-1.37819e-05
-1.33063e-05
-8.01125e-06
-3.62125e-06
-1.67562e-06
-5.91875e-07
-2.5e-09
3.835e-06
8.025e-06
6.28687e-06
6.75438e-06
1.34969e-05
1.50181e-05
9.19313e-06
5.37813e-06
2.66062e-06
-2.53687e-06
-7.04687e-06
-1.01619e-05
-1.1785e-05
-1.12187e-05
-1.12812e-05
-1.17744e-05
-8.50187e-06
-3.87687e-06
-5.14375e-07
2.97812e-06
4.63313e-06
6.93e-06
1.1655e-05
1.39556e-05
1.34631e-05
1.03306e-05
3.74313e-06
-2.40188e-06
-6.06438e-06
-9.53688e-06
-9.89313e-06
-5.53063e-06
-3.78125e-06
-4.64438e-06
-5.90375e-06
-9.13625e-06
-9.68625e-06
-5.84625e-06
4.0625e-07
4.99625e-06
7.17625e-06
1.02838e-05
9.15063e-06
6.34812e-06
6.75687e-06
5.28813e-06
3.28875e-06
2.13938e-06
-2.19375e-07
-4.65938e-06
-8.71438e-06
-9.415e-06
-1.044e-05
-9.335e-06
-4.715e-06
-2.0025e-06
2.24e-06
8.24e-06
9.24e-06
5.7825e-06
3.59187e-06
4.2475e-06
4.88563e-06
5.73563e-06
6.24812e-06
4.515e-06
9.475e-07
-4.15e-06
-5.42687e-06
-4.01687e-06
-5.85313e-06
-6.48875e-06
-6.76687e-06
-8.34812e-06
-7.17e-06
-3.345e-06
5.475e-07
1.09187e-06
1.28188e-06
3.31687e-06
4.57812e-06
6.07312e-06
8.41875e-06
8.48562e-06
6.16812e-06
6.64688e-06
6.66625e-06
1.87375e-06
-3.97625e-06
-7.37875e-06
-6.61562e-06
-3.71813e-06
-2.2425e-06
-3.3225e-06
-5.5125e-06
-6.86188e-06
-5.27813e-06
-1.40812e-06
1.69937e-06
3.94688e-06
5.99375e-06
8.0225e-06
8.1725e-06
5.14e-06
2.475e-06
2.11187e-06
1.51062e-06
-1.92938e-06
-4.61937e-06
-3.25125e-06
-2.84375e-06
-4.19125e-06
-4.76437e-06
-4.55313e-06
-4.20625e-06
-3.25562e-06
-9.33125e-07
-1.43125e-06
-2.52375e-06
-2.04437e-06
-2.485e-06
-5.51875e-07
4.07062e-06
8.06562e-06
8.89813e-06
7.3775e-06
6.42687e-06
5.94625e-06
3.47438e-06
-2.61312e-06
-7.25813e-06
-6.82188e-06
-6.5e-06
-8.30688e-06
-9.1725e-06
-7.31187e-06
-5.0925e-06
-2.68437e-06
1.82562e-06
4.46813e-06
5.37562e-06
6.9625e-06
7.15625e-06
5.835e-06
6.41625e-06
6.24312e-06
3.01562e-06
2.57e-06
3.915e-06
2.2375e-06
-2.5625e-06
-5.8225e-06
-8.07688e-06
-1.11294e-05
-1.02706e-05
-7.38312e-06
-4.73812e-06
-2.7125e-06
-9.8125e-07
8.775e-07
1.66125e-06
3.78375e-06
6.555e-06
8.53312e-06
9.85438e-06
9.38563e-06
6.19812e-06
1.86062e-06
-7.29375e-07
-3.87187e-06
-7.72688e-06
-9.4175e-06
-8.22812e-06
-4.65312e-06
-1.19563e-06
7.61875e-07
1.16188e-06
2.20812e-06
2.26875e-06
8.025e-07
1.585e-06
1.22625e-06
1.625e-07
2.18188e-06
4.47562e-06
4.025e-06
1.63437e-06
8.39375e-07
2.32875e-06
1.56937e-06
-2.02313e-06
-3.08188e-06
-2.10437e-06
-3.11937e-06
-5.81938e-06
-8.0025e-06
-6.91437e-06
-3.79188e-06
-3.81875e-07
3.71312e-06
6.35813e-06
7.26687e-06
6.015e-06
3.88125e-06
1.64125e-06
5.6625e-07
4.17875e-06
6.79375e-06
5.14312e-06
6.73125e-07
-4.97188e-06
-8.37438e-06
-1.00356e-05
-9.47563e-06
-7.05812e-06
-3.46563e-06
8.91875e-07
6.875e-08
-3.40125e-06
-2.41562e-06
-4.5625e-08
2.90437e-06
5.50438e-06
7.24875e-06
9.88375e-06
9.36875e-06
6.00625e-06
2.03125e-06
-7.9375e-07
-1.56937e-06
-3.9075e-06
-7.25e-06
-6.40938e-06
-3.61937e-06
-4.62188e-06
-4.66375e-06
-2.81813e-06
-2.22688e-06
8e-08
2.13e-06
1.2325e-06
7.96875e-07
2.08375e-06
4.65625e-06
7.78875e-06
7.22875e-06
4.43875e-06
2.37688e-06
2.32437e-06
3.305e-06
1.145e-06
-3.01e-06
-7.3625e-06
-9.51562e-06
-1.02656e-05
-1.12688e-05
-1.00525e-05
-4.645e-06
4.1175e-06
1.00275e-05
1.05888e-05
8.54375e-06
5.94375e-06
2.02125e-06
-1.21375e-06
-2.13625e-06
-5.08875e-06
-5.13812e-06
1.86188e-06
8.27937e-06
7.64313e-06
1.09562e-06
-5.92188e-06
-9.70437e-06
-8.57437e-06
-6.43625e-06
-2.92625e-06
1.92125e-06
2.43562e-06
2.56063e-06
1.9875e-06
-7.225e-07
-1.87563e-06
7.14375e-07
7.97437e-06
1.00481e-05
5.80062e-06
5.86125e-06
7.28187e-06
3.60937e-06
-1.98562e-06
-5.52312e-06
-7.7225e-06
-9.59e-06
-1.0505e-05
-9.94812e-06
-5.57312e-06
8.29375e-07
2.55437e-06
1.11312e-06
8.625e-07
2.77937e-06
5.42938e-06
6.995e-06
7.44438e-06
6.34563e-06
5.97875e-06
4.74687e-06
9.6875e-08
-4.82563e-06
-7.34625e-06
-8.41375e-06
-7.23187e-06
-3.28687e-06
-2.13313e-06
-2.71562e-06
-2.4e-06
-2.70125e-06
-2.16562e-06
3.29375e-07
3.53938e-06
4.87e-06
4.32375e-06
4.19625e-06
4.115e-06
1.74375e-06
-3.225e-07
-9.66875e-07
-2.60313e-06
-3.76625e-06
-2.79563e-06
4.06875e-07
1.40875e-06
1.2125e-07
1.54875e-06
2.49063e-06
6.29375e-07
-2.48062e-06
-4.70625e-06
-3.8025e-06
-1.72313e-06
7.96875e-07
3.41687e-06
2.49e-06
-2.65e-07
1.025e-07
1.3e-06
1.57125e-06
3.89688e-06
5.88687e-06
2.76188e-06
-1.55063e-06
-1.805e-06
-1.58625e-06
-3.655e-06
-4.67437e-06
-1.71438e-06
2.20062e-06
1.91063e-06
-4.19375e-07
-3.20187e-06
-6.94437e-06
-6.39688e-06
-1.09187e-06
3.69312e-06
6.87813e-06
9.40562e-06
8.4525e-06
4.355e-06
1.8e-07
-4.11e-06
-4.77187e-06
-2.795e-06
-1.79e-06
-3.25625e-07
-1.5125e-07
-1.6775e-06
-3.40312e-06
-2.88687e-06
1.43562e-06
3.86813e-06
3.48125e-07
-2.67187e-06
-5.5e-07
2.5625e-08
-1.06062e-06
6.01875e-07
1.76875e-07
-5.21875e-07
1.64187e-06
2.57687e-06
3.0725e-06
3.41563e-06
3.18375e-06
2.42687e-06
-2.23125e-07
-2.245e-06
-3.97937e-06
-5.615e-06
-4.09438e-06
-2.35438e-06
-1.145e-06
1.4725e-06
1.35312e-06
-6.95e-07
8.29375e-07
2.79437e-06
3.13437e-06
2.96187e-06
-7.03125e-07
-4.96563e-06
-6.32e-06
-6.4725e-06
-5.64125e-06
-2.75375e-06
2.13625e-06
5.85625e-06
8.32688e-06
9.82937e-06
8.08e-06
3.3025e-06
-2.66e-06
-5.09625e-06
-5.94625e-06
-6.7175e-06
-5.65563e-06
-4.80625e-06
-1.98875e-06
-3.25e-08
1.57875e-06
3.75688e-06
3.25375e-06
4.33562e-06
3.7625e-06
1.65e-07
-1.66813e-06
-3.25875e-06
-3.20813e-06
5.84375e-07
3.74437e-06
3.71875e-06
3.8725e-06
4.79688e-06
3.74938e-06
2.33375e-06
3.40625e-07
-4.94938e-06
-7.86188e-06
-6.33312e-06
-5.94687e-06
-4.63937e-06
-4.76875e-07
1.9025e-06
5.2e-07
-4.3625e-07
6.13125e-07
1.2575e-06
3.50375e-06
5.73063e-06
5.08375e-06
3.15438e-06
4.14375e-07
-2.32563e-06
-5.06062e-06
-4.66e-06
-5.925e-07
1.68625e-06
1.6775e-06
2.1875e-08
-1.87438e-06
-2.5875e-06
-2.26438e-06
-6.24375e-07
7.74375e-07
2.5475e-06
1.96625e-06
-2.89375e-06
-4.42062e-06
-1.18062e-06
2.47938e-06
5.76687e-06
6.6225e-06
4.75937e-06
1.83938e-06
-1.72812e-06
-3.81375e-06
-3.4e-06
-2.7025e-06
-2.41e-06
-2.06813e-06
-5.175e-07
1.04875e-06
8.9e-07
2.155e-06
2.1925e-06
3.65e-07
-1.04438e-06
-3.17812e-06
-3.2475e-06
-2.41187e-06
-1.31187e-06
-5.9375e-08
-1.54375e-07
1.72e-06
4.195e-06
2.97375e-06
2.71562e-06
5.44312e-06
4.235e-06
2.075e-07
-1.895e-06
-3.55875e-06
-5.56187e-06
-5.45562e-06
-3.09937e-06
-4.89375e-07
1.57125e-06
3.805e-06
4.42062e-06
1.30563e-06
-2.21875e-07
-1.1275e-06
-2.6125e-06
-7.2625e-07
-8.95625e-07
-4.43313e-06
-5.90687e-06
-2.26438e-06
3.75812e-06
5.5575e-06
3.32625e-06
1.97625e-06
3.15188e-06
2.63688e-06
-2.88125e-07
-3.04375e-07
9.5e-08
-1.40312e-06
-2.30563e-06
-3.54563e-06
-3.51312e-06
-2.54375e-06
-1.19438e-06
6.375e-07
1.36437e-06
3.41625e-06
4.68687e-06
3.96875e-06
1.7775e-06
-2.255e-06
-2.78312e-06
-2.03937e-06
-4.08813e-06
-4.68938e-06
-1.93187e-06
1.49312e-06
2.05e-06
1.39687e-06
1.22375e-06
3.91875e-07
2.79375e-07
5.9375e-07
4.40625e-07
-1.15438e-06
-4.17687e-06
-4.805e-06
-1.265e-06
2.295e-06
1.69937e-06
-5.0875e-07
8.88125e-07
4.33062e-06
5.34563e-06
6.045e-06
5.82125e-06
8.1625e-07
-4.38875e-06
-5.97562e-06
-6.21e-06
-5.49625e-06
-4.16125e-06
-1.23125e-06
3.63625e-06
4.54312e-06
3.39375e-06
4.20188e-06
2.57813e-06
2.625e-07
-8.15e-07
-1.20437e-06
-2.29375e-07
7.3625e-07
1.41812e-06
2.45e-07
-9.25625e-07
-1.95313e-06
-3.37625e-06
-2.70188e-06
-1.69937e-06
3.96875e-07
8.11875e-07
-1.27e-06
-9.575e-07
-6.3e-07
-1.39e-06
-1.13437e-06
9.9375e-07
3.71625e-06
4.05438e-06
2.19375e-06
4.15e-07
1.05875e-06
2.38062e-06
9.05625e-07
-5.4e-07
-1.12437e-06
-4.25438e-06
-7.34688e-06
-6.35125e-06
-1.63375e-06
1.35625e-06
1.28937e-06
2.22438e-06
2.065e-06
2.45875e-06
3.195e-06
2.28375e-06
2.61188e-06
1.17937e-06
1.89375e-07
-3.375e-08
-1.63e-06
-2.79563e-06
-5.06e-06
-4.23312e-06
-1.54063e-06
-1.06813e-06
5.36875e-07
1.70125e-06
1.64e-06
2.76937e-06
4.0325e-06
2.43063e-06
-7.31875e-07
1.25e-09
1.50562e-06
5.98125e-07
1.19375e-06
8.2625e-07
-1.16125e-06
-1.61375e-06
-3.43188e-06
-5.05375e-06
-2.48875e-06
1.34625e-06
3.55375e-06
3.30813e-06
2.31062e-06
1.83188e-06
1.58125e-07
-1.79437e-06
-3.05063e-06
-2.6775e-06
-5.06875e-07
-3.73125e-07
-1.83312e-06
-1.13562e-06
-5.275e-07
-2.58125e-07
9.70625e-07
3.50625e-07
-5.875e-08
5.0375e-07
1.8875e-07
-4.1625e-07
-7.73125e-07
9.53125e-07
2.75563e-06
2.6025e-06
1.87375e-06
7.6375e-07
-2.675e-07
-8.125e-07
-1.15875e-06
-3.1825e-06
-5.81e-06
-5.71125e-06
-4.29e-06
-1.77375e-06
1.38625e-06
3.78375e-06
6.53625e-06
6.90812e-06
5.17875e-06
4.56625e-06
2.745e-06
-1.9e-07
-1.34563e-06
-2.43875e-06
-4.70688e-06
-5.37813e-06
-4.30562e-06
-2.735e-06
-6.78125e-07
5e-07
-1.78125e-07
-3.41875e-07
1.49125e-06
2.1475e-06
8.34375e-07
-3.25e-07
-4.41875e-07
1.15625e-06
2.81125e-06
2.59312e-06
3.46875e-06
5.055e-06
2.5475e-06
-3.525e-07
-1.79813e-06
-3.9625e-06
-4.4875e-06
-5.03375e-06
-4.8125e-06
-2.57875e-06
-1.02812e-06
3.31875e-07
1.26063e-06
2.29687e-06
3.31625e-06
3.40875e-06
2.9775e-06
1.90375e-06
1.69937e-06
1.3125e-06
-4.28125e-07
-2.34687e-06
-4.04812e-06
-4.13812e-06
-3.48187e-06
-2.6875e-06
-8.86875e-07
3.4625e-07
9.7e-07
1.35625e-06
8.08125e-07
5.175e-07
5.4e-07
2.9375e-07
1.18688e-06
3.00375e-06
4.1425e-06
3.12875e-06
1.5375e-07
-2.44625e-06
-3.7225e-06
-3.46938e-06
-2.02625e-06
-4.75e-07
1.875e-07
-2.43125e-07
-7.1625e-07
-1.35688e-06
-1.17375e-06
1.96875e-07
4.975e-07
1.3825e-06
3.29875e-06
3.08688e-06
1.98375e-06
1.86375e-06
6.94375e-07
-7.25e-07
-1.16438e-06
-2.22188e-06
-2.10625e-06
-1.32875e-06
-1.655e-06
-1.4e-06
-1.3625e-06
-1.74875e-06
-1.09687e-06
1.75625e-07
1.91125e-06
3.46063e-06
4.13438e-06
3.93e-06
2.5375e-06
1.42063e-06
6.76875e-07
-2.0875e-07
-1.17375e-06
-3.79125e-06
-6.96375e-06
-7.65812e-06
-5.13875e-06
-9.6625e-07
2.25375e-06
2.99437e-06
3.51875e-06
4.56375e-06
2.9025e-06
-2.9e-07
-1.0975e-06
6.91875e-07
2.30437e-06
2.47125e-06
1.89375e-06
-5.75e-08
-2.39125e-06
-3.18875e-06
-2.90625e-06
-2.63375e-06
-1.7375e-06
-6.30625e-07
-1.81375e-06
-2.31687e-06
-4.63125e-07
2.5125e-07
8.86875e-07
3.65937e-06
6.05125e-06
4.5525e-06
2.09625e-06
1.76375e-06
3.33125e-07
-1.57875e-06
-1.88125e-06
-2.12188e-06
-1.17937e-06
4.31875e-07
6.65625e-07
5.63125e-07
4.3375e-07
4.125e-08
-9.5625e-07
-1.54562e-06
-1.57438e-06
-2.94125e-06
-3.37813e-06
-1.69812e-06
-8.80625e-07
-1.0075e-06
-2.2375e-07
2.03375e-06
4.59375e-06
5.20875e-06
4.17375e-06
3.41062e-06
2.505e-06
1.1875e-07
-2.55125e-06
-4.32688e-06
-5.61688e-06
-5.36062e-06
-3.88125e-06
-3.07375e-06
-2.35625e-06
-4.825e-07
9.2875e-07
8.18125e-07
1.24938e-06
2.4125e-06
3.62812e-06
4.48563e-06
3.70625e-06
2.005e-06
-6.125e-08
-2.06813e-06
-1.66938e-06
1.16875e-07
5.94375e-07
1.58125e-07
-1.31062e-06
-2.83937e-06
-3.05e-06
-3.20313e-06
-2.68312e-06
-1.875e-06
-1.46313e-06
6.6e-07
3.56e-06
4.64625e-06
4.54375e-06
4.9025e-06
4.33562e-06
2.7575e-06
7.68125e-07
-2.41187e-06
-4.76688e-06
-5.83688e-06
-5.945e-06
-5.19813e-06
-4.20437e-06
-1.67562e-06
9.46875e-07
2.47187e-06
4.03687e-06
4.00125e-06
1.99687e-06
1.22938e-06
2.2e-06
1.70562e-06
3.225e-07
6.25e-09
-2.025e-07
3.025e-07
3.2125e-07
-3.175e-07
-1.7875e-07
-1.0125e-06
-1.18187e-06
-1.18e-06
-2.45187e-06
-1.93875e-06
-8.31875e-07
-2.94375e-07
4.5e-07
1.30812e-06
1.40812e-06
1.48125e-07
3.0125e-07
9.425e-07
9.19375e-07
1.12063e-06
2.4625e-07
3.2625e-07
1.24187e-06
1.49813e-06
1.3725e-06
6.61875e-07
-1.375e-07
-2.20688e-06
-3.59313e-06
-3.42688e-06
-3.115e-06
-1.62062e-06
6.0625e-08
9.96875e-07
1.2875e-07
-1.14063e-06
-2.775e-07
8.7125e-07
1.42562e-06
1.2575e-06
4.4875e-07
6.6375e-07
1.8225e-06
2.48e-06
1.62062e-06
-4.5125e-07
-1.85937e-06
-1.94562e-06
-2.11125e-06
-2.25875e-06
-1.23312e-06
-1.5e-07
-7.75e-08
3.0125e-07
9.33125e-07
1.64375e-07
-4.38125e-07
2.98125e-07
6.05e-07
8.64375e-07
1.49563e-06
1.59e-06
1.81437e-06
2.315e-06
2.02437e-06
1.16125e-06
1.9e-07
-5.40625e-07
-1.22125e-06
-2.03875e-06
-2.745e-06
-4.1325e-06
-3.60062e-06
-1.1875e-06
-3.24375e-07
-1.1625e-07
-2.75625e-07
5.48125e-07
1.83e-06
1.45e-06
2.12188e-06
3.07813e-06
2.265e-06
1.125e-06
2.35e-07
-1.45375e-06
-3.59e-06
-4.15437e-06
-4.21062e-06
-3.5075e-06
-7.95e-07
1.8125e-06
3.35625e-06
3.42938e-06
2.2075e-06
1.51875e-06
1.55437e-06
1.76563e-06
2.18062e-06
1.70937e-06
5.3125e-08
-1.2225e-06
-1.55375e-06
-1.85438e-06
-2.89125e-06
-3.69625e-06
-2.8725e-06
-1.52187e-06
-1.15812e-06
-1.18125e-06
-9.625e-08
1.64375e-06
2.71437e-06
2.6225e-06
1.50938e-06
1.11e-06
9.9875e-07
7.9625e-07
9.85625e-07
5.85625e-07
3.9375e-07
-4.11875e-07
-1.7775e-06
-1.76813e-06
-1.12063e-06
-1.75e-07
7.25e-07
3.3625e-07
-1.40875e-06
-2.23313e-06
-8.85e-07
4.475e-07
7.7875e-07
6.19375e-07
1.725e-07
-3.75e-09
7.4375e-08
4.64375e-07
1.46313e-06
1.97813e-06
1.47187e-06
2.90625e-07
-1.57188e-06
-2.73812e-06
-2.2125e-06
-1.66375e-06
-1.57313e-06
-8.65625e-07
4.96875e-07
2.3875e-06
2.83813e-06
1.66687e-06
5.29375e-07
-9.64375e-07
-1.82875e-06
-2.33625e-06
-2.44188e-06
-1.1e-06
3.0625e-07
1.51125e-06
1.78938e-06
8.70625e-07
5.76875e-07
1.34375e-06
2.12813e-06
2.25375e-06
2.45125e-06
1.81562e-06
-1.1e-07
-1.38813e-06
-1.96438e-06
-2.89937e-06
-3.79812e-06
-2.19625e-06
5.4875e-07
5.28125e-07
-3.3375e-07
-5.44375e-07
-7.96875e-07
4.25e-08
1.04813e-06
9.94375e-07
3.5625e-08
-4.4375e-08
2.16188e-06
3.37187e-06
2.65e-06
2.01625e-06
6.00625e-07
-1.78e-06
-2.67375e-06
-2.53687e-06
-3.60937e-06
-3.1625e-06
-1.46313e-06
-1.80813e-06
-2.25125e-06
-2.09312e-06
-1.21e-06
1.375e-06
3.44437e-06
3.89563e-06
3.92875e-06
4.1425e-06
3.47062e-06
9.14375e-07
-1.03563e-06
-1.57687e-06
-2.25563e-06
-2.35812e-06
-2.91062e-06
-3.8375e-06
-4.17938e-06
-3.875e-06
-2.36375e-06
-1.1775e-06
6.25e-09
1.675e-06
3.15375e-06
4.0825e-06
4.74563e-06
4.925e-06
3.34312e-06
2.75687e-06
2.87813e-06
5.51875e-07
-2.31312e-06
-3.08312e-06
-2.12375e-06
-2.51187e-06
-3.25063e-06
-2.43187e-06
-1.90812e-06
-8.11875e-07
-5.5875e-07
-9.975e-07
7.15e-07
1.72062e-06
1.29125e-06
9.3875e-07
1.38562e-06
2.29375e-06
1.94625e-06
1.39625e-06
1.68687e-06
1.61312e-06
-3.875e-08
-1.6225e-06
-1.42687e-06
-1.20312e-06
-2.03562e-06
-3.42375e-06
-3.98562e-06
-2.91812e-06
-9.925e-07
1.13313e-06
1.95e-06
1.9075e-06
2.36187e-06
2.23e-06
1.25e-06
2.8625e-07
5.4375e-07
1.3325e-06
1.6125e-07
-1.91063e-06
-2.80562e-06
-2.88063e-06
-2.505e-06
-1.88812e-06
-6.38125e-07
1.15313e-06
1.66437e-06
1.31875e-06
1.30438e-06
6.7375e-07
-8.61875e-07
-2.095e-06
-1.77312e-06
-5.56875e-07
2.70625e-07
7.475e-07
1.17937e-06
1.65688e-06
2.4325e-06
3.18687e-06
2.92187e-06
1.53875e-06
9.3125e-08
-4.64375e-07
-1.3925e-06
-3.4775e-06
-5.30125e-06
-5.8225e-06
-4.72437e-06
-2.415e-06
9.75e-07
3.775e-06
3.99125e-06
3.22437e-06
2.81e-06
2.45563e-06
2.01625e-06
1.51813e-06
7.775e-07
-9.125e-08
-5.875e-08
-4.625e-07
-1.5775e-06
-2.06563e-06
-2.46937e-06
-2.84562e-06
-3.24875e-06
-2.36125e-06
-1.02313e-06
-6.375e-07
3.9875e-07
1.07312e-06
1.51062e-06
2.4825e-06
3.41563e-06
4.01812e-06
2.61375e-06
9.1e-07
1.33062e-06
1.15812e-06
-1.41687e-06
-3.90562e-06
-4.60687e-06
-4.03875e-06
-2.40937e-06
-1.17812e-06
-1.0875e-07
1.88062e-06
1.92375e-06
1.37e-06
2.12312e-06
1.30125e-06
-1.10625e-07
-2.24375e-07
1.26625e-06
2.03062e-06
-3.3e-07
-1.07062e-06
2.0625e-08
-2.1625e-07
-9.6875e-08
-6.1e-07
-1.51375e-06
-1.5e-06
-1.16062e-06
-2.7625e-07
-3.225e-07
-5.35e-07
6.75e-08
-5.65625e-07
-1.48125e-07
1.51187e-06
6.2125e-07
-6.59375e-07
3.125e-09
1.13375e-06
1.63062e-06
1.80125e-06
1.19813e-06
-2.725e-07
-7.8625e-07
-9.26875e-07
-1.665e-06
-2.60125e-06
-2.57687e-06
-1.15937e-06
-5.83125e-07
-7.4125e-07
-2.64375e-07
3.99375e-07
6.85e-07
1.1425e-06
2.34063e-06
2.16562e-06
1.345e-06
1.905e-06
1.66625e-06
8.5875e-07
-2.16875e-07
-1.775e-06
-1.6475e-06
-1.63187e-06
-1.80125e-06
-1.08688e-06
-1.09875e-06
-2.4875e-07
5.1875e-07
2.375e-07
-1.3875e-07
-1.13687e-06
-1.45187e-06
-1.15687e-06
-1.0625e-07
1.55313e-06
2.65e-06
2.75875e-06
1.15937e-06
2.36875e-07
4.3625e-07
2.325e-07
1.94375e-07
-6.6125e-07
-1.7375e-06
-2.12125e-06
-2.27e-06
-1.12313e-06
6.8125e-08
-4.0625e-08
1.61875e-07
8.825e-07
1.14812e-06
8.7125e-07
9.39375e-07
1.59313e-06
1.3075e-06
2.25625e-07
-7.61875e-07
-1.635e-06
-8.0375e-07
1.9e-07
-1.58687e-06
-2.44125e-06
-1.24687e-06
-1.38312e-06
-9.3875e-07
1.28125e-06
2.64937e-06
2.305e-06
1.53063e-06
1.17937e-06
1.43625e-06
1.855e-06
7.9375e-07
-7.2375e-07
-1.39375e-06
-1.82312e-06
-1.80813e-06
-2.07438e-06
-2.14312e-06
-1.11625e-06
3.9375e-08
4.88125e-07
-1.5125e-07
-3.3e-07
2.925e-07
7.875e-07
2.03937e-06
3.09125e-06
2.53062e-06
8.08125e-07
-9.825e-07
-1.68e-06
-1.69437e-06
-1.06563e-06
-2.9375e-08
2.64375e-07
4.0875e-07
4.4e-07
3.3125e-08
-5.50625e-07
-1.37875e-06
-1.56625e-06
-4.49375e-07
4.4625e-07
2.14375e-07
9.6875e-08
-1.0625e-07
-4.8125e-07
-2.19375e-07
2.625e-07
9.3625e-07
1.25437e-06
1.03187e-06
8.35625e-07
2.10625e-07
-1.01875e-06
-2.60375e-06
-2.72937e-06
-1.09125e-06
5.3125e-08
1.02125e-06
1.41437e-06
8.3375e-07
