# stat 417 comp     0 type vel samp 8.000000 ndat 5652 s_x 12.600500 s_y 50.530499 s_z 0.528000 e_x 0.000000 e_y 0.000000 e_z 0.000000 start 2000-09-08 11:39:51.592010
-6.41875e-07
-9.0625e-08
9.375e-08
6.0625e-08
4.44375e-07
5.59375e-07
5.5375e-07
5.73125e-07
3.31875e-07
6.8125e-08
8.5e-08
1.55625e-07
-2.725e-07
-4.49375e-07
-8.75e-08
-7.3125e-08
-2.89375e-07
-5.1e-07
-9.225e-07
-7.7e-07
-1.475e-07
-1.875e-08
-2.375e-08
-3.1875e-08
1.0125e-07
4.55625e-07
3.9e-07
1.94375e-07
2.89375e-07
3.4875e-07
1.375e-07
-1.84375e-07
-6.48125e-07
-8.5625e-07
-4.48125e-07
-1.875e-09
1.1e-07
-2.91875e-07
-2.41875e-07
4.96875e-07
3.4875e-07
-2.48125e-07
-3.7e-07
-1.3875e-07
-8.75e-09
-1.41875e-07
2.85625e-07
2.525e-07
-4.93125e-07
-2.3125e-07
3.5375e-07
4.1125e-07
1.90625e-07
-1.9375e-08
-1.1625e-07
-3.325e-07
-4.65e-07
-4.35e-07
-4.5e-08
1.58125e-07
-1.7875e-07
-2.98125e-07
-1.3625e-07
1.55e-07
3.125e-09
-2.4875e-07
1.89375e-07
3.44375e-07
-2.125e-08
-2.275e-07
-2.3e-07
-4e-08
2.1125e-07
1.05625e-07
-1e-08
5.5625e-08
-8.0625e-08
-6.625e-08
3.125e-08
-8.9375e-08
-8.5625e-08
1.35625e-07
6.25e-10
-4.31875e-07
-3.3375e-07
-1.4375e-07
-1.91875e-07
1.56875e-07
6.01875e-07
6.1625e-07
1.63125e-07
-4.76875e-07
-5.54375e-07
-7.5e-08
2.30625e-07
8.125e-08
-1.675e-07
-1.0875e-07
-1.175e-07
-2.58125e-07
-1.85e-07
-3.1875e-08
1.19375e-07
-3.375e-08
-1.89375e-07
-1.8e-07
-2.94375e-07
-5.1875e-08
1.6875e-08
-3.125e-08
2.5125e-07
-2.0625e-07
-4.6375e-07
2.0875e-07
2.61875e-07
1.2375e-07
3.0875e-07
5.0625e-08
-1.99375e-07
-2.7e-07
-2.875e-07
2.5e-08
2.14375e-07
2.6875e-07
2.875e-08
-7.30625e-07
-7.15625e-07
-1.2375e-07
9e-08
3.25e-08
-2.7875e-07
-1.58125e-07
2.1625e-07
1.01875e-07
2.125e-08
1.81875e-07
2.61875e-07
3.025e-07
2.06875e-07
-1.85625e-07
-6.7125e-07
-8.44375e-07
-3.55e-07
1.6375e-07
8.875e-08
-2.41875e-07
-5.38125e-07
-2.7375e-07
6.25e-08
4e-08
3.75e-07
3.6125e-07
7.0625e-08
1.0875e-07
-1.25625e-07
-3.78125e-07
-3.20625e-07
-6.875e-09
5.25e-08
-1.94375e-07
-1.9375e-07
-1.16875e-07
4.375e-09
-2.04375e-07
-2.2e-07
-3.0625e-08
-3.7625e-07
-2.21875e-07
1.0625e-08
5e-09
1.79375e-07
1.3e-07
2.13125e-07
2.49375e-07
7.3125e-08
-7.6875e-08
-8.375e-08
-8.125e-09
-1.21875e-07
-3.55625e-07
-4.95e-07
-2.7875e-07
-1.025e-07
-2.24375e-07
-2.56875e-07
-1.8125e-08
3.6e-07
3.95625e-07
1.2e-07
1.75e-08
2.90625e-07
2.93125e-07
-3.125e-09
2.7125e-07
-2.1875e-08
-8.2875e-07
-5.64375e-07
-3.875e-08
1.56875e-07
-3.6875e-08
-4.9125e-07
-4.7e-07
-2.4625e-07
1.50625e-07
3.51875e-07
-5.6875e-08
-2.1875e-08
2.68125e-07
4.4625e-07
5.0875e-07
-2.5875e-07
-4.1125e-07
7.25e-08
-1.66875e-07
-2.55e-07
-4.80625e-07
-6.525e-07
-3.2375e-07
-3.5625e-07
-2.10625e-07
9.1875e-08
4.5625e-08
8.3125e-08
1.60625e-07
2.66875e-07
4.0875e-07
3.91875e-07
2.425e-07
-1.86875e-07
-3.61875e-07
-3.8875e-07
-6.15e-07
-1.85625e-07
1.46875e-07
5.9375e-08
-1.71875e-07
-6.55625e-07
-6.43125e-07
-4.0375e-07
8.625e-08
6.58125e-07
6.79375e-07
3.30625e-07
2.6875e-08
5e-09
-8.5e-08
1.375e-07
2.15e-07
-4.425e-07
-7.71875e-07
-6.8625e-07
-6.61875e-07
-3.7625e-07
-8.4375e-08
-2.5375e-07
-3.0625e-08
3.24375e-07
2.26875e-07
3.45625e-07
3.8375e-07
3.0375e-07
2.675e-07
2.5125e-07
1.38125e-07
-4.05625e-07
-6.55e-07
-3.375e-07
-2.3375e-07
-4.33125e-07
-4.8e-07
-3.26875e-07
-6.6875e-08
-1.14375e-07
-1.78125e-07
4.44375e-07
6.83125e-07
2.34375e-07
-1.75e-08
8.5625e-08
4.5125e-07
2.73125e-07
-1.90625e-07
-9.25e-08
-1.15625e-07
-3.025e-07
-4.15625e-07
-5.41875e-07
-1.7875e-07
4.9375e-08
-2.35625e-07
-1.11875e-07
5.5e-08
-7.0625e-08
8.8125e-08
2.825e-07
1.05625e-07
1.06875e-07
2.08125e-07
4.375e-09
1.4625e-07
-1.1875e-08
-4.74375e-07
-4.0625e-07
-5.81875e-07
-7.525e-07
-4.075e-07
1.6125e-07
2.95625e-07
-4e-08
4e-08
-1.8125e-08
-1.49375e-07
3.50625e-07
5.1875e-07
1.94375e-07
-3.8125e-08
-1.36875e-07
9.875e-08
3.1875e-08
-4.45625e-07
-6.55e-07
-5.2125e-07
-5e-08
1e-07
2.43125e-07
2.3625e-07
-2.04375e-07
-2.3125e-08
1.2125e-07
1.91875e-07
1.4875e-07
3.625e-08
2.4625e-07
-1.425e-07
-1.3625e-07
-1.21875e-07
-5.46875e-07
-1.80625e-07
1.45625e-07
2.03125e-07
-4.6875e-08
-4.575e-07
-6.08125e-07
-5.98125e-07
1.025e-07
5.6375e-07
1.7875e-07
1.625e-08
4.9375e-08
9.375e-08
2.78125e-07
7.9375e-08
-9.75e-08
-1.56875e-07
-5.45e-07
-2.8375e-07
2.7125e-07
-9.5625e-08
-6.6125e-07
-4.6e-07
-4.5625e-08
3.075e-07
5.96875e-07
1.7875e-07
-1.19375e-07
-5.1875e-08
7.1875e-08
3.2375e-07
1.31875e-07
-2.19375e-07
-7.45e-07
-7.80625e-07
-2.06875e-07
1.2875e-07
2.8875e-07
-1.075e-07
-9.0625e-08
2.69375e-07
1.7e-07
1.5e-07
-5.3125e-08
-6e-08
-1.75e-08
-2.3e-07
-1.50625e-07
-2.375e-08
-4.125e-08
-4.25e-08
2.3125e-08
-1.25e-09
-1.08125e-07
-1.15625e-07
-1.875e-09
9.25e-08
1.66875e-07
5e-09
-6.10625e-07
-6.125e-07
1.05625e-07
3.3125e-07
2.65625e-07
2.4125e-07
2.175e-07
3.2125e-07
7.375e-08
-3.95e-07
-2.8625e-07
6.6875e-08
-8.5e-08
-2.7625e-07
-2.9625e-07
-3.925e-07
-6.0625e-08
1.925e-07
1.1375e-07
3e-07
2.40625e-07
1.0125e-07
2.65e-07
1.8e-07
-1.2e-07
-1.2625e-07
3.1875e-08
-5e-08
-2.8375e-07
-3.6875e-07
-1.75e-07
-2.44375e-07
-4.23125e-07
-3e-07
-2.58125e-07
3.5625e-08
1.2e-07
1.28125e-07
5.09375e-07
3.16875e-07
2.38125e-07
3.2125e-07
7.5e-09
-3.08125e-07
-4.58125e-07
-1.26875e-07
-7.6875e-08
-3.15625e-07
-2.5125e-07
-2.81875e-07
-1.975e-07
-1.28125e-07
-1.9375e-07
-1.10625e-07
-3.1875e-08
2.3e-07
2.76875e-07
-8.0625e-08
-3.625e-08
5.5e-08
1.25625e-07
3.10625e-07
2.7e-07
2.43125e-07
-8.8125e-08
-2.85625e-07
-4.19375e-07
-8.14375e-07
-3.90625e-07
1.3375e-07
6.1875e-08
-2.075e-07
-2.75625e-07
7.6875e-08
1.71875e-07
2.1125e-07
2.76875e-07
4.4875e-07
5.11875e-07
-2.73125e-07
-3.8125e-07
6.125e-08
-2.5e-08
-1.9375e-08
-1.7375e-07
-2.39375e-07
-3.05e-07
-3.34375e-07
1.5625e-08
-2.5e-08
-3.5e-08
1.25e-09
-1.55625e-07
7.3125e-08
2.125e-07
1.7375e-07
2.11875e-07
9.875e-08
8.8125e-08
1.9875e-07
1.375e-07
1.5e-08
-1.48125e-07
-3.99375e-07
-4.30625e-07
-3.35e-07
-4.31875e-07
-1.9875e-07
9.9375e-08
6e-08
3.88125e-07
4.3125e-07
8.4375e-08
-1.625e-08
-6.9375e-08
2.18125e-07
2.3125e-08
-2.68125e-07
-5.5625e-08
-4.9125e-07
-5.675e-07
-1.76875e-07
-1.9375e-08
3.4375e-08
-1.2875e-07
-4.1875e-08
-2e-08
5.3125e-08
1.29375e-07
-1.25e-09
1.08125e-07
9.125e-08
-6.25e-09
-6.0625e-08
2.6875e-08
1.25e-07
-1.24375e-07
-1.03125e-07
1.09375e-07
-1.375e-08
-3.26875e-07
-5.15e-07
-2.875e-07
1.125e-07
1.575e-07
9.5e-08
1.225e-07
-1.9875e-07
-1.79375e-07
4.09375e-07
4.79375e-07
2e-08
-2.64375e-07
-1.2625e-07
-4.6875e-08
-1.45625e-07
-1.46875e-07
-2.01875e-07
-6.1875e-08
8.875e-08
-2.2875e-07
-2.88125e-07
-9.1875e-08
-1.2625e-07
1.625e-08
1.04375e-07
6.0625e-08
2.6375e-07
2.20625e-07
-2.75e-08
1.225e-07
1.85625e-07
-5.625e-09
-2.3875e-07
-4.44375e-07
-3.09375e-07
-2.64375e-07
-1.64375e-07
9.3125e-08
-3.5e-08
-1.34375e-07
-1.78125e-07
-1.84375e-07
-1.75625e-07
-1.375e-07
2.2625e-07
3.45e-07
5.26875e-07
3.15e-07
-4.65625e-07
-1.24375e-07
3.9375e-08
-3.4375e-07
-2.21875e-07
-4.19375e-07
-1.76875e-07
-1.75e-08
-2.0875e-07
2.075e-07
1.56875e-07
4.5e-08
1.5e-08
-3.875e-08
1.18125e-07
-8.875e-08
5.375e-08
3.6875e-08
-1.2e-07
1.0875e-07
-1.54375e-07
-2.0375e-07
6.875e-09
2.4375e-08
-7e-08
-2.6375e-07
-1.3875e-07
-1.99375e-07
-2.7e-07
4.0625e-08
2.58125e-07
4.4125e-07
3.1e-07
-2.3e-07
-3.0625e-07
1e-08
-6.3125e-08
-1.18125e-07
1.59375e-07
1.59375e-07
-1.14375e-07
-4.3125e-07
-5.84375e-07
-2.81875e-07
-1.33125e-07
-7.5e-09
3.8375e-07
2.08125e-07
-9.125e-08
-1.1625e-07
-6.75e-08
7.4375e-08
-1.875e-09
1.43125e-07
8.0625e-08
-2.79375e-07
1.125e-07
1.85625e-07
-3.64375e-07
-5.64375e-07
-3.8875e-07
9.3125e-08
2.29375e-07
-4.5625e-08
-2.3e-07
-2.2e-07
5.1875e-08
2.1125e-07
1.75625e-07
6.4375e-08
-8.5e-08
-1.94375e-07
-2.275e-07
-3.75e-09
6.5e-08
-9.5e-08
-1.7375e-07
-2.09375e-07
-9.875e-08
-2.09375e-07
-2.70625e-07
1.14375e-07
2.25625e-07
-5e-08
-2.11875e-07
-3.375e-08
2.325e-07
2.975e-07
8.6875e-08
-2.51875e-07
-4.05e-07
-3.64375e-07
8.75e-09
2.06875e-07
-2.69375e-07
-4.46875e-07
-2.14375e-07
-2.58125e-07
-2.88125e-07
-1.9625e-07
-1.24375e-07
1.9e-07
4.16875e-07
1.46875e-07
-3.75e-09
2.60625e-07
5.54375e-07
8.0125e-07
1.1775e-06
2.68563e-06
5.58562e-06
5.925e-06
2.8325e-06
1.64813e-06
3.955e-06
7.9025e-06
6.2575e-06
-4.675e-07
2.625e-07
1.03875e-06
-1.92125e-06
5.95e-07
-2.8875e-06
-1.201e-05
-1.5145e-05
-1.32463e-05
-3.42875e-06
-7.375e-08
-7.54125e-06
-6.03812e-06
-5.53813e-06
-6.50687e-06
8.85625e-07
3.39375e-06
3.8825e-06
2.26938e-06
-2.17063e-06
2.84688e-06
5.65937e-06
-9.68125e-07
-4.83312e-06
-3.48e-06
-1.75125e-06
-2.68312e-06
-6.2875e-07
3.72625e-06
2.0125e-07
-4.88375e-06
-4.1175e-06
3.7e-07
4.8e-06
1.7225e-06
-4.28125e-07
4.25187e-06
4.785e-06
2.68188e-06
9.39375e-07
8.98125e-07
4.23063e-06
4.50188e-06
3.52687e-06
1.17313e-06
-2.61688e-06
-1.8375e-06
-1.13687e-06
1.56313e-06
3.96875e-06
-1.96625e-06
-2.175e-06
4.15e-06
4.38125e-06
3.20625e-06
1.1e-06
-2.3225e-06
1.455e-06
5.115e-06
-1.3825e-06
-3.38875e-06
3.02375e-06
6.29375e-07
-6.06313e-06
-4.2075e-06
2.2575e-06
4.09812e-06
1.00625e-07
-1.47937e-06
6.34375e-07
3.35187e-06
3.49438e-06
-1.57812e-06
-4.71063e-06
-3.73125e-06
1.9625e-07
2.79625e-06
-3.19375e-06
-5.25312e-06
-1.79562e-06
-2.045e-06
6.4e-07
4.175e-07
-2.445e-06
-7.3e-07
-1.52813e-06
1.29375e-07
3.41437e-06
2.08062e-06
1.92688e-06
1.4375e-06
3.78125e-07
2.90625e-07
2.02063e-06
5.38062e-06
1.98313e-06
-1.95937e-06
1.44062e-06
1.2325e-06
-4.6825e-06
-7.4875e-06
-3.665e-06
1.4475e-06
2.60313e-06
3.50813e-06
3.63125e-07
-8.17687e-06
-6.34125e-06
3.67625e-06
4.02937e-06
1.77813e-06
6.5e-08
-8.695e-06
-3.8225e-06
6.4775e-06
2.325e-07
-7.2625e-07
-9.0375e-07
-7.15625e-06
-2.48625e-06
2.88375e-06
3.9225e-06
4.07625e-06
1.49875e-06
3.61625e-06
4.28813e-06
-2.16937e-06
2.21875e-07
4.66688e-06
-8.78125e-07
-2.31562e-06
-5.9e-07
-3.40625e-07
-1.03313e-06
-6.52562e-06
-4.84188e-06
5.30312e-06
6.40437e-06
4.41875e-07
-5.0625e-07
1.78e-06
2.95063e-06
1.05125e-06
-8.725e-07
1.74e-06
3.98188e-06
7.96875e-07
-5.81312e-06
-8.48313e-06
-5.04563e-06
2.11875e-07
3.43438e-06
-9.35625e-07
-6.53562e-06
-2.36563e-06
1.92938e-06
-1.1e-07
-1.7725e-06
-2.99688e-06
-9.28125e-07
2.79937e-06
2.48312e-06
3.10438e-06
3.07813e-06
-1.26875e-07
-2.84688e-06
-1.27125e-06
5.29875e-06
3.2275e-06
-3.9075e-06
-1.51125e-06
-1.99125e-06
-4.48063e-06
1.26437e-06
6.94375e-07
-5.64312e-06
-5.625e-09
6.95688e-06
1.62937e-06
1.0875e-06
4.1075e-06
4.525e-07
1.58625e-06
1.45e-06
6.46875e-07
2.41875e-06
-2.19625e-06
1.125e-07
4.7925e-06
0
-3.1025e-06
-2.58375e-06
-3.95625e-07
1.90688e-06
2.21563e-06
-1.16687e-06
-6.09688e-06
-3.48937e-06
1.22312e-06
-1.44375e-07
-2.23437e-06
-2.3125e-06
-2.63438e-06
-3.53688e-06
-4.73e-06
-3.15375e-06
2.06875e-06
3.89063e-06
4.3275e-06
5.495e-06
-1.8225e-06
-8.66e-06
-1.695e-06
6.7575e-06
4.43438e-06
-2.53125e-07
1.47563e-06
1.56562e-06
-1.93937e-06
-1.62563e-06
2.95e-07
2.855e-06
-2.625e-07
-6.1825e-06
-3.175e-07
3.9875e-06
2.15e-07
-1.25125e-06
-7.5e-08
3.3225e-06
1.14125e-06
-2.87625e-06
4.4625e-07
1.71188e-06
-7.03125e-07
-5.5125e-07
-2.28125e-07
-1.84437e-06
-1.32e-06
-4.525e-07
-6.96875e-07
1.88313e-06
-1.59375e-07
-5.45188e-06
-4.5775e-06
-1.9125e-06
1.3e-06
3.73e-06
3.445e-06
3.06188e-06
4.89375e-07
-1.22e-06
7.68125e-07
4.17062e-06
7.46812e-06
2.61062e-06
-6.51688e-06
-4.67813e-06
-1.54812e-06
-4.37813e-06
3.44375e-07
4.24437e-06
5.66875e-07
2.08125e-07
-2.77937e-06
-4.83312e-06
1.83938e-06
4.46687e-06
8.86875e-07
-2.52562e-06
-2.62813e-06
-1.065e-06
-1.30625e-07
2.33125e-06
3.755e-06
4.76875e-06
2.89688e-06
-4.47313e-06
-4.15562e-06
4.99187e-06
4.57625e-06
-1.76125e-06
-2.37812e-06
-4.40563e-06
-5.06562e-06
-1.36813e-06
-1.835e-06
-2.61875e-06
1.46375e-06
4.26125e-06
4.80062e-06
4.7025e-06
3.00062e-06
1.74187e-06
-7.1875e-08
-3.00438e-06
-5.94438e-06
-5.39688e-06
-1.39687e-06
-1.81687e-06
-4.31438e-06
-3.25875e-06
4.8125e-07
1.73313e-06
-2.70937e-06
-2.71938e-06
2.48812e-06
2.66437e-06
1.65375e-06
3.43188e-06
4.735e-06
4.35687e-06
3.19562e-06
3.59125e-06
2.985e-06
1.44687e-06
2.18375e-06
2.03375e-06
1.49062e-06
3.1375e-07
-4.78375e-06
-8.00125e-06
-4.23125e-06
-1.30625e-06
-2.84562e-06
1.19375e-07
3.97437e-06
1.47187e-06
8.875e-07
2.87312e-06
1.44375e-06
5.30625e-07
-4.4e-07
-5.06e-06
-5.14188e-06
-1.79437e-06
-3.77625e-06
-3.2e-06
4.35e-07
-1.98e-06
-5.385e-06
-4.3725e-06
-1.13e-06
3.105e-06
6.11e-06
4.61937e-06
-1.70063e-06
-6.43813e-06
-1.79562e-06
3.67437e-06
1.95875e-06
4.91875e-07
9.7625e-07
-6.35625e-07
-3.60562e-06
-4.28562e-06
-2.66563e-06
9.06875e-07
2.52812e-06
2.33312e-06
7.26062e-06
6.48062e-06
8.55625e-07
2.90625e-07
-1.88563e-06
-5.04375e-07
1.63375e-06
-2.79625e-06
-3.4975e-06
-1.155e-06
-5.14375e-07
5.63125e-07
2.52187e-06
4.15063e-06
1.77312e-06
-1.65938e-06
-1.5075e-06
-5.625e-07
-2.08687e-06
-4.80437e-06
-3.52062e-06
6.44375e-07
2.4775e-06
2.21687e-06
1.21563e-06
-2.32938e-06
-5.63187e-06
-1.41437e-06
3.39312e-06
2.87438e-06
3.58875e-06
1.91313e-06
-3.42187e-06
-7.21437e-06
-6.37125e-06
-3.0625e-07
1.6525e-06
6.175e-07
9.8875e-07
-6.09375e-07
-1.11562e-06
2.13938e-06
4.69938e-06
1.54375e-07
-3.12812e-06
1.03937e-06
5.00187e-06
4.77625e-06
-7.375e-08
-1.57875e-06
5.41875e-07
-2.70062e-06
-3.55e-06
1.6775e-06
2.71562e-06
-2.09375e-07
-2.335e-06
-1.72125e-06
3.37625e-06
7.58875e-06
5.635e-06
3.65e-07
-1.92812e-06
-4.4e-07
-1.06e-06
-2.33688e-06
1.64813e-06
3.8475e-06
-1.68e-06
-4.63e-06
-1.84e-06
-6.09375e-07
1.2e-07
1.19375e-07
-2.3325e-06
-6.2375e-07
2.34875e-06
-1.77625e-06
-3.735e-06
-8.325e-07
-3.2125e-07
3.11625e-06
5.64625e-06
1.92875e-06
1.87188e-06
3.115e-06
-3.615e-06
-5.46187e-06
2.60063e-06
3.285e-06
-8.775e-07
-8.04375e-07
-2.0175e-06
-4.34438e-06
-3.38375e-06
3.1375e-07
3.36125e-06
5.5975e-06
6.11062e-06
-1.71875e-07
-5.53688e-06
-1.67437e-06
1.30313e-06
-2.41187e-06
-5.27188e-06
-1.45187e-06
3.49312e-06
1.94438e-06
-1.90062e-06
-2.88063e-06
-3.595e-06
-1.05688e-06
4.46813e-06
-1.46875e-07
-7.86687e-06
-4.29188e-06
-5.79375e-07
6.63125e-07
3.97063e-06
2.41375e-06
2.45e-07
-1.72625e-06
-2.71938e-06
2.21813e-06
3.28875e-06
1.20688e-06
4.5e-08
6.33125e-07
5.30563e-06
3.3225e-06
-1.4875e-06
-5.5875e-07
-2.93438e-06
-4.2525e-06
1.585e-06
5.04e-06
2.78812e-06
-1.64187e-06
-4.31187e-06
-4.67813e-06
-3.7775e-06
-1.25188e-06
1.57313e-06
3.61687e-06
1.03187e-06
-2.74562e-06
-1.91563e-06
1.81687e-06
6.82937e-06
9.10563e-06
8.40375e-06
2.95125e-06
-6.08125e-06
-6.67563e-06
4.36875e-07
1.95125e-06
-4.94375e-06
-6.63687e-06
-1.28438e-06
-1.03375e-06
-2.7025e-06
-2.2475e-06
-2.5425e-06
-1.38187e-06
8.99375e-07
4.48125e-07
-2.46188e-06
-4.12625e-06
-1.22875e-06
4.91125e-06
5.18625e-06
-6.9625e-07
-2.75437e-06
1.46812e-06
6.79313e-06
6.34375e-06
6.9375e-07
-7.34125e-06
-1.24012e-05
-8.28625e-06
-2.79625e-06
-4.01312e-06
-8.86563e-06
-8.52437e-06
-7.02625e-06
-9.90125e-06
-3.04625e-06
1.03938e-05
1.44512e-05
1.71312e-05
2.24787e-05
2.57762e-05
3.04787e-05
2.57637e-05
1.60462e-05
1.41719e-05
7.89187e-06
-1.09562e-06
-1.04481e-05
-1.95456e-05
-2.17769e-05
-2.57719e-05
-3.17844e-05
-3.04794e-05
-1.87294e-05
-2.12937e-06
8.85062e-06
1.23156e-05
9.19062e-06
4.75312e-06
5.28437e-06
-3.20313e-06
-1.65331e-05
-1.10431e-05
-1.20563e-06
-3.03e-06
-4.59813e-06
-2.36563e-06
3.96438e-06
1.68844e-05
1.815e-05
-1.81e-06
-1.298e-05
-3.4675e-06
1.12e-06
-9.45e-06
-2.525e-05
-3.1165e-05
-1.8125e-05
1.855e-06
1.9605e-05
3.6295e-05
3.74713e-05
2.56113e-05
2.13612e-05
2.01263e-05
1.38713e-05
3.85375e-06
-7.66625e-06
-1.94063e-05
-2.79887e-05
-3.00931e-05
-2.40506e-05
-1.23606e-05
-5.63813e-06
9.41875e-07
8.33938e-06
9.5425e-06
9.77812e-06
7.22125e-06
3.59375e-06
6.74375e-06
9.58625e-06
5.85625e-06
1.97125e-06
1.5275e-06
2.3775e-06
2.27437e-06
6.08937e-06
7.57625e-06
-2.06875e-06
-8.34625e-06
-1.36512e-05
-2.23338e-05
-1.84513e-05
-7.21125e-06
-3.28375e-06
-3.05e-06
3.835e-06
1.168e-05
9.40188e-06
6.72187e-06
9.85438e-06
7.46312e-06
5.17687e-06
7.39e-06
3.575e-06
3.56312e-06
9.95812e-06
8.725e-06
2.6375e-06
1.61438e-06
-3.6875e-08
-9.56937e-06
-1.40494e-05
-1.16388e-05
-1.07781e-05
-9.7075e-06
-4.1e-06
3.6575e-06
2.22562e-06
6.05313e-06
1.83631e-05
1.57706e-05
9.62062e-06
9.84125e-06
4.29125e-06
-6.27875e-06
-1.43062e-05
-1.61619e-05
-1.53981e-05
-1.48519e-05
-9.56937e-06
-3.16437e-06
-1.38437e-06
-5.27688e-06
-1.36344e-05
-1.65194e-05
-1.4865e-05
-1.04325e-05
-1.6175e-06
5.0625e-06
9.7725e-06
1.1605e-05
1.139e-05
9.44063e-06
4.48812e-06
5.53937e-06
8.37937e-06
3.65687e-06
-9.85625e-07
-2.19687e-06
-4.39563e-06
-6.80812e-06
-6.45687e-06
-3.30687e-06
7.43125e-07
5.97062e-06
1.09756e-05
1.2555e-05
9.83e-06
2.6325e-06
-2.8275e-06
-2.10875e-06
2.75875e-06
6.51625e-06
5.44312e-06
7.67e-06
7.27375e-06
7.22187e-06
1.75919e-05
1.22169e-05
-2.18312e-06
-4.21625e-06
-6.60563e-06
-1.16481e-05
-2.15331e-05
-2.65056e-05
-1.77056e-05
-6.80563e-06
3.50437e-06
5.07438e-06
1.20688e-06
2.84313e-06
5.73812e-06
9.54563e-06
8.54375e-06
2.3375e-07
-5.91125e-06
-5.92062e-06
-1.51562e-06
-1.4875e-06
-2.04687e-06
5.38563e-06
7.93188e-06
5.59e-06
5.02875e-06
-1.17125e-06
-1.18612e-05
-1.54762e-05
-8.06875e-06
1.19375e-06
1.29562e-06
-1.25938e-06
7.58063e-06
1.01506e-05
5.38062e-06
1.30156e-05
1.49725e-05
7.065e-06
2.345e-06
-4.5525e-06
-1.10475e-05
-1.20956e-05
-1.47181e-05
-1.58388e-05
-1.20112e-05
-8.97875e-06
-1.27875e-06
2.53625e-06
-1.79875e-06
2.40625e-06
7.92375e-06
7.1e-06
8.13688e-06
1.09944e-05
8.47438e-06
2.57188e-06
4.32375e-06
5.35125e-06
2.24125e-06
8.89625e-06
1.18763e-05
2.11875e-06
-2.42125e-06
-7.9375e-07
-3.16187e-06
-8.24688e-06
-9.70375e-06
-1.13881e-05
-1.90481e-05
-2.20831e-05
-1.32531e-05
1.6875e-08
5.60438e-06
-1.05563e-06
-7.33812e-06
-4.92e-06
1.545e-06
8.0575e-06
8.2475e-06
3.025e-06
-1.175e-07
-7.4525e-06
-1.3915e-05
-6.4325e-06
2.6e-06
7.98e-06
9.15813e-06
3.83125e-07
-5.62188e-06
4.43125e-07
1.33431e-05
2.15481e-05
2.03156e-05
1.18356e-05
1.95062e-06
1.85438e-06
7.88688e-06
4.75937e-06
-5.29812e-06
-3.43188e-06
1.62563e-06
-4.25438e-06
-9.31188e-06
-9.26313e-06
-2.53563e-06
4.64938e-06
7.39437e-06
1.16044e-05
6.63937e-06
-4.68062e-06
-7.16625e-06
-2.87125e-06
1.67875e-06
1.62125e-06
2.17437e-06
4.405e-06
-1.25e-06
-7.2325e-06
-6.9975e-06
-4.05e-06
-1.1575e-06
-6.325e-06
-1.2605e-05
-1.28362e-05
-1.11706e-05
-1.21563e-06
9.17438e-06
7.36e-06
1.4825e-06
-9.1125e-07
1.4625e-07
2.18625e-06
5.10625e-06
4.025e-06
-1.6725e-06
-5.4125e-06
-8.0825e-06
-1.7525e-06
7.3925e-06
4.13e-06
1.925e-07
-5.7625e-07
-2.24e-06
7.5e-09
1.89812e-06
-2.44937e-06
-8.22937e-06
-9.625e-06
-7.73125e-06
-3.50375e-06
-1.29438e-06
6.125e-07
7.3175e-06
1.0295e-05
1.06412e-05
1.10531e-05
6.33312e-06
-1.08688e-06
-9.08187e-06
-9.925e-06
-3.37e-06
-5.46438e-06
-1.18244e-05
-7.05438e-06
4.04562e-06
1.11106e-05
9.31937e-06
5.24687e-06
6.96125e-06
4.7675e-06
-2.7475e-06
-2.545e-06
1.8475e-06
6.90625e-07
3.01375e-06
8.07875e-06
5.37875e-06
4.815e-06
5.33375e-06
1.98875e-06
1.33312e-06
4.89375e-07
-1.77688e-06
-5.09937e-06
-6.15875e-06
-3.57125e-06
-1.755e-06
2.155e-06
3.65687e-06
-1.39812e-06
-1.57875e-06
1.70125e-06
2.215e-06
4.44875e-06
5.0125e-07
-5.31375e-06
-1.77875e-06
-3.17937e-06
-8.15938e-06
-4.41437e-06
-7.34375e-07
2.38563e-06
5.86312e-06
4.94875e-06
7.10625e-06
5.5875e-06
-7.0825e-06
-1.78325e-05
-1.78181e-05
-1.26381e-05
-9.05062e-06
-6.9725e-06
-7.06125e-06
-1.59375e-06
7.46875e-06
6.39063e-06
3.03812e-06
3.95813e-06
5.60312e-06
4.01125e-06
-5.62875e-06
-1.03488e-05
-2.62375e-06
3.17375e-06
3.9925e-06
6.33875e-06
6.70375e-06
6.12812e-06
8.50375e-06
2.35875e-06
-1.20013e-05
-1.62587e-05
-1.10163e-05
-1.16425e-05
-1.39725e-05
-3.0625e-06
9.8975e-06
1.337e-05
1.51006e-05
1.47756e-05
8.57562e-06
1.53312e-06
3.2275e-06
3.89e-06
-7.41e-06
-1.184e-05
-9.83125e-06
-1.43913e-05
-1.08787e-05
3.08125e-06
1.28712e-05
1.69538e-05
1.79006e-05
1.18781e-05
5.05563e-06
2.37812e-06
-1.13937e-06
3.81813e-06
1.08381e-05
8.27813e-06
3.10063e-06
-1.66187e-06
2.78062e-06
6.99813e-06
2.27563e-06
2.43812e-06
-3.66875e-07
-7.77188e-06
-5.30937e-06
-1.22938e-06
-5.80438e-06
-1.35969e-05
-1.35525e-05
-1.9925e-06
4.285e-06
4.18375e-06
1.02513e-05
1.1995e-05
7.1375e-06
-2.025e-07
-9.1775e-06
-8.49e-06
-1.31e-06
1.6725e-06
1.17812e-06
7.88125e-07
1.18e-06
-5.01e-06
-1.233e-05
-9.435e-06
-4.7275e-06
-1.8425e-06
-2.97688e-06
-9.46437e-06
-1.25969e-05
-1.29262e-05
-1.11519e-05
-6.20187e-06
4.93125e-07
5.61063e-06
5.07625e-06
6.1625e-06
1.25325e-05
1.0805e-05
1.5475e-06
2.30625e-07
4.7e-07
-4.665e-06
-1.139e-05
-1.5025e-05
-7.905e-06
-1.535e-06
-3.6275e-06
-2.1775e-06
4.4675e-06
6.86937e-06
2.92437e-06
4.37e-06
1.2895e-05
1.42962e-05
1.23681e-05
1.63781e-05
1.74962e-05
1.04812e-05
-3.9875e-07
-3.87625e-06
-1.00875e-06
-6.54875e-06
-1.19837e-05
-8.65625e-06
-6.64563e-06
-6.42437e-06
-2.45187e-06
2.5e-08
-8.25e-08
9.95625e-07
6.275e-07
2.35875e-06
7.18375e-06
1.03212e-05
7.22125e-06
-1.87875e-06
-4.45125e-06
-2.27687e-06
-9.65e-07
3.31e-06
1.89563e-06
-4.75188e-06
-7.27187e-06
-6.06938e-06
-3.31187e-06
-8.35937e-06
-1.72769e-05
-1.10019e-05
2.03812e-06
6.85312e-06
6.09875e-06
8.5875e-06
1.42475e-05
9.3225e-06
1.7175e-06
4.45e-07
-1.5875e-06
-1.03062e-06
-1.48688e-06
-5.37187e-06
-6.69312e-06
-7.14687e-06
-8.12e-06
-7.34375e-06
-4.53875e-06
2.9125e-07
8.41625e-06
1.33012e-05
1.23681e-05
9.33812e-06
3.91813e-06
-1.21688e-06
-5.33938e-06
-7.12562e-06
-6.01313e-06
-7.84188e-06
-1.06819e-05
-4.11937e-06
3.77562e-06
1.49938e-06
-4.25e-07
2.81e-06
5.985e-06
5.61437e-06
2.89937e-06
9.775e-07
-2.35e-06
-3.63687e-06
1.77312e-06
3.36062e-06
1.40625e-07
9.4625e-07
-1.99375e-06
-7.80125e-06
-5.63687e-06
2.20625e-07
-2.25563e-06
-7.55312e-06
-5.21937e-06
-5.91875e-07
2.76062e-06
5.04438e-06
5.67687e-06
3.42187e-06
4.8075e-06
1.00525e-05
4.7025e-06
-4.935e-06
-7.8075e-06
-8.735e-06
-8.18188e-06
-6.705e-06
-3.805e-06
2.695e-06
1.08025e-05
1.32744e-05
3.15687e-06
-3.92062e-06
-3.14187e-06
-6.94937e-06
-1.00819e-05
-6.84687e-06
-1.24938e-06
-5.99937e-06
-1.57994e-05
-1.13794e-05
4.67063e-06
2.10206e-05
2.56131e-05
1.69756e-05
2.86562e-06
-9.48438e-06
-1.02131e-05
-3.92812e-06
-1.09063e-06
1.05375e-06
3.42625e-06
3.415e-06
8.0275e-06
7.55688e-06
-4.69312e-06
-5.67125e-06
-8.0625e-07
-9.11875e-07
5.25312e-06
8.35813e-06
2.03062e-06
-5.81687e-06
-7.57125e-06
2.5625e-07
9.69625e-06
1.44713e-05
1.35831e-05
9.90813e-06
7.25063e-06
1.85812e-06
-3.41437e-06
-6.86875e-07
-1.7625e-06
-5.7375e-06
-6.525e-07
-2.43938e-06
-7.73437e-06
-8.49562e-06
-1.03425e-05
-4.6225e-06
-5.95e-07
-1.82625e-06
-1.35813e-06
-3.54375e-06
-2.135e-06
4.6575e-06
6.7825e-06
2.36e-06
2.01875e-07
1.005e-06
-2.1975e-06
-8.4275e-06
-1.20375e-05
-1.06025e-05
-8.0075e-06
-9.18187e-06
-1.12056e-05
-9.47875e-06
-6.24625e-06
5.375e-08
5.28125e-06
3.76563e-06
5.61563e-06
8.63813e-06
6.02812e-06
4.03375e-06
6.02875e-06
8.555e-06
6.91813e-06
4.67813e-06
1.43063e-06
-4.39687e-06
-5.14375e-06
-2.28375e-06
-3.73375e-06
-5.51812e-06
-1.01062e-06
2.70437e-06
4.03062e-06
7.05313e-06
5.985e-06
1.6475e-06
-1.2575e-06
-5.4625e-07
2.60875e-06
4.29938e-06
5.38563e-06
3.20375e-06
7.7e-07
2.765e-06
6.0025e-06
9.045e-06
5.815e-06
-5.45e-07
-1.46062e-06
-6.04375e-07
-2.49687e-06
-1.07619e-05
-1.66869e-05
-1.00894e-05
-3.45188e-06
-2.31188e-06
2.22062e-06
6.91313e-06
6.0425e-06
6.07062e-06
1.04406e-05
9.88625e-06
5.22625e-06
3.22062e-06
-9.61875e-07
-4.69687e-06
-7.15875e-06
-1.09087e-05
-1.23325e-05
-1.616e-05
-1.67994e-05
-6.80187e-06
1.62813e-06
1.685e-06
1.62375e-06
6.28625e-06
6.82437e-06
1.31438e-06
-2.1e-07
2.405e-06
3.865e-06
2.825e-06
-2.4775e-06
-7.355e-06
-7.47875e-06
-7.96562e-06
-6.33125e-06
-2.01625e-06
6.9125e-07
1.54312e-06
1.99375e-07
2.50688e-06
5.79437e-06
6.13312e-06
4.31875e-06
-2.72625e-06
-4.71063e-06
1.79375e-07
2.03e-06
5.01e-06
6.8975e-06
5.08062e-06
6.42563e-06
1.86062e-06
-6.69937e-06
-4.15437e-06
1.86812e-06
5.53063e-06
7.075e-06
2.79e-06
-1.8175e-06
-4.82e-06
-7.07812e-06
-2.05062e-06
6.98187e-06
1.04494e-05
4.48687e-06
-5.71562e-06
-5.42438e-06
-2.44375e-07
-3.17438e-06
-6.26688e-06
-3.31875e-07
8.35062e-06
2.86812e-06
-4.82187e-06
1.49062e-06
4.42562e-06
3.375e-06
4.60125e-06
1.10625e-06
-1.73375e-06
-3.76875e-06
-6.17312e-06
-5.4225e-06
-6.3075e-06
-3.19e-06
-1.825e-07
-6.2525e-06
-5.87437e-06
-4.11875e-07
1.13875e-06
8.05875e-06
1.66088e-05
1.26388e-05
-2.09125e-06
-1.09462e-05
-7.83375e-06
-6.76e-06
-1.11975e-05
-9.27313e-06
-3.00562e-06
-1.74563e-06
-1.61125e-06
6.16375e-06
9.06125e-06
2.46625e-06
6.98625e-06
1.15462e-05
4.05125e-06
2.38375e-06
1.84125e-06
-4.22375e-06
-2.635e-06
3.1875e-06
9.95625e-07
-3.04438e-06
-9.4375e-08
4.31812e-06
5.26187e-06
1.68188e-06
-4.14563e-06
-6.19062e-06
-5.84375e-06
-5.4825e-06
-5.17438e-06
-3.54875e-06
1.05625e-06
1.84687e-06
-1.60062e-06
1.06938e-06
5.13437e-06
5.075e-06
6.82188e-06
8.38813e-06
7.6175e-06
2.9625e-06
-1.67e-06
-2.65875e-06
-4.71312e-06
-8.12312e-06
-1.23856e-05
-9.88875e-06
-4.70625e-06
-4.23937e-06
7.60625e-07
7.55063e-06
7.71187e-06
4.15437e-06
5.12812e-06
2.86688e-06
-7.77312e-06
-9.12563e-06
-6.53313e-06
-1.04181e-05
-6.17312e-06
3.94188e-06
1.00919e-05
1.12137e-05
4.56625e-06
-2.15625e-06
-3.85562e-06
-2.2875e-06
-1.21062e-06
-5.89812e-06
-9.30813e-06
-6.02812e-06
8.01875e-07
4.24688e-06
4.84188e-06
1.03219e-05
8.96e-06
3.16e-06
6.815e-06
4.67125e-06
-4.45375e-06
-6.765e-06
-3.515e-06
3.28e-06
9.205e-06
9.80125e-06
4.04875e-06
-3.29375e-06
-2.4075e-06
3.9e-07
-5.2925e-06
-6.61125e-06
5.13875e-06
1.02762e-05
4.93625e-06
1.05875e-06
-3.09875e-06
-6.09625e-06
-5.84687e-06
-3.04937e-06
-2.53062e-06
-1.10562e-06
5.90687e-06
9.17688e-06
9.4175e-06
3.0675e-06
-6.315e-06
-7.10938e-06
-7.28063e-06
-3.49562e-06
4.28188e-06
5.50187e-06
2.44438e-06
-4.00562e-06
-8.79813e-06
-7.32e-06
-3.3725e-06
2.0125e-06
5.9075e-06
3.1125e-06
-3.2825e-06
-3.23688e-06
1.48813e-06
3.03938e-06
2.76438e-06
2.1625e-07
-1.74625e-06
1.125e-07
-2.34813e-06
-1.21831e-05
-1.94256e-05
-1.40181e-05
-2.23813e-06
1.89187e-06
2.79875e-06
7.10375e-06
6.19438e-06
1.31875e-07
-5.43063e-06
-6.74687e-06
-9.69375e-07
1.70812e-06
-2.19937e-06
-3.66e-06
-1.36813e-06
4.69938e-06
1.01944e-05
8.0575e-06
2.555e-06
3.13125e-07
3.9e-07
-5.405e-06
-1.034e-05
-5.805e-06
-2.525e-06
-9.83125e-07
5.67438e-06
1.15319e-05
9.14312e-06
4.16062e-06
3.54687e-06
4.52375e-06
2.62687e-06
-2.90063e-06
-5.90063e-06
-3.5525e-06
-9.45e-07
2.8125e-06
4.47687e-06
-1.81562e-06
-1.98875e-06
4.68125e-06
3.48437e-06
-1.67813e-06
-4.30313e-06
-2.53125e-07
5.96188e-06
4.60438e-06
3.99375e-07
1.85313e-06
4.57812e-06
2.28187e-06
3.48875e-06
5.04125e-06
6.2375e-07
-2.53625e-06
-7.27625e-06
-9.85625e-06
-4.03375e-06
8.7625e-07
2.47875e-06
4.22563e-06
2.49125e-06
8.25e-07
4.4375e-07
-2.85125e-06
-5.56875e-07
2.72062e-06
-1.39188e-06
-4.73187e-06
-6.5075e-06
-4.95875e-06
1.63125e-06
2.47938e-06
-9.20625e-07
6.4875e-07
2.88875e-06
3.93188e-06
2.06875e-06
-3.23625e-06
-6.92375e-06
-1.05812e-05
-9.67187e-06
-5.65437e-06
-4.33375e-06
7.625e-08
5.12375e-06
7.26375e-06
6.69875e-06
2.65375e-06
-1.74625e-06
-2.5175e-06
5.175e-07
6.45e-07
7.4625e-07
3.82125e-06
1.85562e-06
-2.14438e-06
-2.02687e-06
1.80813e-06
4.52563e-06
4.31187e-06
7.28687e-06
6.3375e-06
-3.9125e-06
-7.55e-06
-3.06e-06
-4.425e-07
4.8875e-07
4.275e-07
4.94e-06
8.0125e-06
2.8875e-06
7.5875e-07
4.0625e-07
-8.175e-07
1.0675e-06
5.6525e-06
7.73625e-06
1.8625e-07
-6.41875e-06
-4.93375e-06
-5.20687e-06
-6.28875e-06
-3.01375e-06
-8.63125e-07
-2.31687e-06
-2.6925e-06
-9.4875e-07
2.41125e-06
4.65438e-06
1.39188e-06
-4.83063e-06
-7.1e-06
-5.10312e-06
-2.13313e-06
3.50437e-06
2.87875e-06
-4.13375e-06
-4.59562e-06
-2.7375e-06
7.95e-07
1.51875e-06
-4.50125e-06
-2.4925e-06
4.765e-06
6.8175e-06
5.195e-06
2.0425e-06
1.57125e-06
-1.45625e-06
-9.14125e-06
-8.30937e-06
-2.86437e-06
-3.285e-06
-2.03875e-06
3.33375e-06
1.98875e-06
-1.12125e-06
3.56875e-06
4.6425e-06
-7.025e-07
-2.15e-06
1.8925e-06
1.645e-06
-5.515e-06
-5.93062e-06
7.61875e-07
3.76937e-06
7.01875e-07
-1.12188e-06
7.7e-07
-1.9075e-06
-3.22937e-06
1.60812e-06
4.34562e-06
3.87812e-06
1.89688e-06
-1.08312e-06
-5.39312e-06
-3.67563e-06
6.00937e-06
7.48313e-06
2.71812e-06
1.55875e-06
-1.58875e-06
-5.51625e-06
-6.06875e-06
-2.01375e-06
4.31375e-06
4.6125e-06
2.11125e-06
3.09937e-06
2.16687e-06
-2.49063e-06
-2.38187e-06
1.77312e-06
2.8e-06
2.52688e-06
-1.32812e-06
-5.84813e-06
-4.37813e-06
-9.18125e-07
4.22687e-06
6.68125e-06
5.55187e-06
5.02375e-06
-9.8125e-07
-6.11875e-06
-4.20188e-06
-1.78938e-06
2.12563e-06
5.01813e-06
2.75875e-06
-4.2375e-07
-1.24187e-06
-1.39312e-06
-6.75e-07
2.5775e-06
7.11875e-07
-3.79312e-06
-4.49375e-06
-5.28e-06
-5.625e-07
2.1925e-06
-2.1825e-06
2.365e-06
6.7625e-06
2.565e-06
1.69125e-06
7.6e-07
-1.08813e-06
9.925e-07
3.04312e-06
2.82875e-06
-1.30125e-06
-5.37875e-06
-5.3225e-06
-2.4325e-06
-3.91875e-07
-1.82375e-06
-7.6e-07
8.3e-07
-1.33688e-06
-4.52187e-06
-6.73188e-06
-3.47937e-06
1.55812e-06
3.04375e-06
4.09438e-06
3.97625e-06
1.80687e-06
4.93125e-07
1.18812e-06
3.505e-06
1.69875e-06
-3.30875e-06
-2.14687e-06
1.52063e-06
1.66875e-07
-4.10312e-06
-4.48438e-06
-1.34688e-06
-7.95e-07
-7.5875e-07
8.4375e-08
-1.85313e-06
-3.12875e-06
2.46375e-06
8.10875e-06
5.39625e-06
1.78375e-06
1.335e-06
-1.8225e-06
-4.695e-06
-1.7125e-06
2.16e-06
2.845e-06
1.47563e-06
-1.91937e-06
-5.99937e-06
-6.75e-06
-3.3325e-06
-1.01625e-06
6.33125e-07
5.72313e-06
1.09981e-05
9.8025e-06
3.535e-06
-3.1e-07
-3.0275e-06
-4.96688e-06
-4.6025e-06
-4.55188e-06
-1.85937e-06
1.67312e-06
1.9375e-06
2.13938e-06
1.28625e-06
-1.53625e-06
-2.52e-06
-2.13812e-06
-2.6275e-06
-2.46937e-06
-1.23375e-06
-2.44375e-07
1.92125e-06
4.36437e-06
2.44188e-06
-2.21063e-06
-1.84313e-06
3.94688e-06
6.3725e-06
3.075e-06
2.5e-07
-3.23e-06
-6.4225e-06
-2.71e-06
1.1e-06
-1.21375e-06
-3.075e-06
-1.34625e-06
-2.15375e-06
-4.59437e-06
-2.46875e-07
5.31312e-06
5.09375e-06
4.06375e-06
3.46e-06
1.68938e-06
-2.10062e-06
-4.61312e-06
-6.03125e-07
1.09938e-06
-3.44313e-06
-4.82875e-06
-1.22125e-06
7.54375e-07
-2.19313e-06
-4.38687e-06
-5.24375e-06
-5.29875e-06
-1.79875e-06
2.53125e-06
5.32625e-06
4.90187e-06
2.85312e-06
2.9825e-06
3.3075e-06
1.50375e-06
2.81687e-06
3.95375e-06
-1.98625e-06
-6.61125e-06
-4.97813e-06
2.94375e-07
2.90687e-06
-2.92813e-06
-8.40562e-06
-5.55062e-06
6.96875e-07
4.02688e-06
2.5225e-06
5.95e-07
1.3375e-06
-1.3125e-07
-3.37875e-06
-2.29312e-06
1.44937e-06
3.64375e-06
6.59625e-06
9.27125e-06
8.44813e-06
5.41313e-06
3.95625e-07
-2.63188e-06
-3.30188e-06
-3.39875e-06
-2.77063e-06
-6.19812e-06
-8.15688e-06
-4.96688e-06
-2.24438e-06
1.26562e-06
6.47812e-06
1.08581e-05
1.12262e-05
8.73438e-06
6.19375e-06
-7.7125e-07
-1.03163e-05
-1.15031e-05
-5.98812e-06
-2.07062e-06
9.09375e-07
2.185e-06
2.1775e-06
1.52063e-06
-3.36438e-06
-5.895e-06
-3.74875e-06
-4.07688e-06
-3.79125e-06
-5.8625e-07
9.3125e-08
-1.09875e-06
2.7125e-07
2.57125e-06
2.69312e-06
2.70188e-06
5.34187e-06
4.57312e-06
-1.60688e-06
-3.8675e-06
-4.04687e-06
-5.91937e-06
-5.02562e-06
-2.79625e-06
-1.25687e-06
6.05625e-07
2.33125e-06
3.35875e-06
3.93875e-06
2.21e-06
-3.6e-07
5.775e-07
3.505e-06
4.55375e-06
2.73687e-06
1.55875e-06
-1.93125e-07
-4.70063e-06
-4.85062e-06
-3.5625e-08
3.99437e-06
4.96937e-06
2.89312e-06
8.4375e-07
-2.44625e-06
-5.43625e-06
-4.67875e-06
-4.10375e-06
-7.0125e-07
4.37375e-06
4.53375e-06
2.75437e-06
3.86125e-06
6.80875e-06
4.42813e-06
1.30313e-06
2.08125e-07
-4.82687e-06
-8.16437e-06
-8.42812e-06
-6.015e-06
-1.7325e-06
-2.40813e-06
-2.27437e-06
4.26563e-06
7.77062e-06
3.48063e-06
5.8125e-08
2.03937e-06
5.74937e-06
7.27562e-06
2.78312e-06
-2.61438e-06
-1.44438e-06
-1.4375e-08
-3.52937e-06
-4.78375e-06
-1.61625e-06
-1.13875e-06
-3.75375e-06
-5.17e-06
-5.92437e-06
-5.59313e-06
-2.50062e-06
1.06688e-06
4.09187e-06
5.365e-06
3.53312e-06
2.5e-06
3.1175e-06
4.14375e-06
6.71125e-06
7.40438e-06
2.93688e-06
-4.28312e-06
-9.17063e-06
-7.65e-06
-5.25938e-06
-5.85438e-06
-3.75125e-06
-1.60812e-06
-1.6525e-06
8.625e-08
3.10625e-06
5.58938e-06
3.92438e-06
1.14375e-07
-1.24875e-06
-2.98e-06
-5.1525e-06
-2.94937e-06
9.28125e-07
1e-08
6.39375e-07
3.83187e-06
2.55062e-06
1.12125e-06
-2.325e-07
-2.1475e-06
-1.69e-06
-1.01438e-06
-2.33812e-06
-4.4525e-06
-2.8625e-06
7.225e-07
3.17062e-06
3.44687e-06
1.15125e-06
-4.28125e-07
2.14687e-06
7.13938e-06
3.81438e-06
-3.41312e-06
-1.57812e-06
2.46937e-06
7.5e-09
-5.9575e-06
-5.71313e-06
-7.55625e-07
-8.8875e-07
-2.78062e-06
-2.98563e-06
-2.35125e-06
-2.44188e-06
-4.59687e-06
-3.84937e-06
6.08125e-07
5.72812e-06
7.59625e-06
6.17063e-06
5.64812e-06
2.43812e-06
-1.42438e-06
5.3375e-07
3.60875e-06
1.24625e-06
-3.48375e-06
-6.21125e-06
-8.055e-06
-6.72437e-06
-3.32188e-06
-6.94375e-07
2.88313e-06
5.87562e-06
6.46187e-06
4.85e-06
4.19375e-06
4.99625e-06
3.96e-06
2.46688e-06
-3.68125e-07
-4.85313e-06
-5.67e-06
-3.29812e-06
-1.72812e-06
-1.91125e-06
-1.66312e-06
1.98437e-06
4.62437e-06
1.69188e-06
-1.77813e-06
-2.5175e-06
-8.63125e-07
2.75938e-06
5.60937e-06
5.1425e-06
6.55e-07
-8.33125e-07
2.34437e-06
2.24812e-06
4.825e-07
8.625e-08
1.10437e-06
1.89187e-06
-1.40812e-06
-4.75563e-06
-5.05937e-06
-3.18938e-06
-1.49375e-06
-1.82e-06
9.9e-07
3.595e-06
1.61563e-06
-4.88125e-07
-2.07812e-06
-4.5125e-07
1.07562e-06
-5.96875e-07
9.41875e-07
3.59437e-06
2.785e-06
-6.675e-07
-2.4575e-06
-3.09437e-06
-6.13188e-06
-6.55187e-06
-2.94187e-06
-7.4375e-08
-5.9125e-07
-2.48688e-06
-1.10125e-06
3.02375e-06
5.53875e-06
4.06125e-06
1.24875e-06
6.01875e-07
1.30687e-06
4.45625e-07
-1.92625e-06
-2.58812e-06
-3.13875e-06
-5.36062e-06
-3.76437e-06
9.50625e-07
2.25875e-06
2.71812e-06
3.89812e-06
2.33188e-06
-8.48125e-07
-3.61812e-06
-4.7325e-06
-4.07188e-06
-2.8125e-06
-1.08938e-06
1.47062e-06
3.2325e-06
2.14188e-06
1.35938e-06
2.6975e-06
3.22125e-06
3.4475e-06
2.56437e-06
2.4625e-07
-4.43125e-07
-2.185e-06
-3.64938e-06
-3.6975e-06
-5.9275e-06
-5.12875e-06
-9.4625e-07
4.34375e-07
1.37187e-06
3.78937e-06
3.865e-06
2.335e-06
7.91875e-07
-2.41313e-06
-4.41e-06
-2.59e-06
1.395e-06
5.665e-06
7.78937e-06
5.95063e-06
2.69063e-06
2.16875e-07
-3.16063e-06
-4.84375e-06
-3.91125e-06
-4.3425e-06
-5.36625e-06
-3.85375e-06
-6.625e-08
1.99e-06
4.53563e-06
8.30063e-06
7.21437e-06
5.99063e-06
6.3025e-06
2.955e-06
-7.95e-07
-3.92e-06
-5.71188e-06
-4.67312e-06
-6.1325e-06
-7.31375e-06
-4.14375e-06
-2.45125e-06
-3.525e-07
3.3125e-06
3.67312e-06
2.7375e-06
2.69938e-06
4.24312e-06
5.205e-06
3.24937e-06
1.6875e-08
-2.47125e-06
-1.3125e-07
2.46625e-06
-5.6375e-07
-2.85312e-06
-1.85188e-06
-2.18625e-06
-5.02625e-06
-5.45313e-06
-3.21e-06
-1.93687e-06
1.69562e-06
4.88063e-06
3.73e-06
3.63125e-06
3.68688e-06
2.225e-06
1.34875e-06
-1.47125e-06
-2.6225e-06
9.5e-08
-4.9625e-07
-2.47e-06
-3.0475e-06
-4.49937e-06
-2.71063e-06
1.09437e-06
1.54312e-06
1.84437e-06
3.00188e-06
9.9e-07
-8.05e-07
1.50062e-06
2.61875e-06
-1.6625e-07
-2.73625e-06
-3.43813e-06
-4.74875e-06
-7.09125e-06
-7.025e-06
-4.1525e-06
-1.3825e-06
1.255e-06
4.4825e-06
6.46687e-06
4.95687e-06
7.16875e-07
-7.81875e-07
1.80312e-06
2.11438e-06
-1.87563e-06
-3.3375e-06
-1.175e-07
8.20625e-07
-1.64562e-06
-3.64625e-06
-1.61125e-06
2.38125e-06
1.26625e-06
-1.36375e-06
-3.2075e-06
-5.46875e-06
-4.07937e-06
-1.68437e-06
6.6375e-07
3.74125e-06
2.65438e-06
-4.90625e-07
-2.24375e-07
3.17562e-06
5.43375e-06
4.6275e-06
2.04e-06
-6.475e-07
5.425e-07
3.075e-07
-4.7525e-06
-4.45688e-06
-6.9375e-08
1.39e-06
-5e-08
-1.54562e-06
1.86438e-06
5.11687e-06
3.28437e-06
2.32938e-06
3.165e-06
3.5525e-06
4.18687e-06
2.90375e-06
-1.85625e-06
-4.25875e-06
-2.90937e-06
-4.19375e-06
-6.09062e-06
-4.20875e-06
-9.4125e-07
1.16375e-06
2.91875e-06
1.9225e-06
-2.4025e-06
-3.42688e-06
-1.95563e-06
-1.75e-07
1.25437e-06
1.64813e-06
3.65875e-06
4.5525e-06
4.91687e-06
4.59625e-06
3.875e-08
-5.00125e-06
-6.37438e-06
-4.51813e-06
-4.25875e-06
-3.85e-06
-2.7e-07
1.30188e-06
9.875e-07
2.38e-06
6.195e-06
7.55813e-06
3.83563e-06
9.25625e-07
-8.875e-08
-9.21875e-07
-2.15063e-06
-2.85562e-06
-2.5825e-06
-2.7475e-06
-7.49375e-07
1.25812e-06
1.16937e-06
1.08437e-06
3e-07
-3.5625e-08
-1.79e-06
-4.465e-06
-2.58812e-06
9.99375e-07
1.545e-06
1.44375e-07
-3e-08
-9.375e-08
-1.78062e-06
-1.66687e-06
-6.8375e-07
-6.5375e-07
1.025e-07
1.27562e-06
1.43937e-06
-6.9625e-07
-3.42625e-06
-5.43687e-06
-4.35625e-06
-3.75e-09
1.88687e-06
2.84875e-06
4.69438e-06
4.11125e-06
2.5725e-06
3.65625e-07
-2.59687e-06
-1.01438e-06
1.84313e-06
-3.20625e-07
-2.05812e-06
-2.45812e-06
-2.00063e-06
1.76937e-06
3.5e-06
3.27125e-06
2.16813e-06
4.5625e-08
1.8e-07
6.1e-07
7.2875e-07
-2.38875e-06
-5.99375e-06
-3.38125e-06
-4.9375e-07
9.55625e-07
1.2875e-06
8.53125e-07
2.17313e-06
2.21687e-06
2.3825e-06
4.15125e-06
3.22875e-06
-1.72875e-06
-3.57938e-06
-2.17938e-06
-4.66125e-06
-6.11187e-06
-5.98938e-06
-6.07e-06
-1.48e-06
3.2975e-06
4.11562e-06
3.285e-06
1.99437e-06
4.1875e-08
2.8125e-07
2.68813e-06
1.90812e-06
3.125e-07
-8.5375e-07
-2.20125e-06
-1.41437e-06
-1.84e-06
-2.90187e-06
-2.07e-06
-1.55188e-06
-1.36875e-07
1.87687e-06
1.94688e-06
2.03875e-06
2.20625e-06
2.27875e-06
1.96125e-06
3.86875e-07
1.45937e-06
1.64875e-06
-2.07875e-06
-3.115e-06
-1.5e-08
1.90812e-06
-9.3125e-08
-8.1375e-07
3.63125e-07
7.03125e-07
2.815e-06
3.18812e-06
4.70625e-07
-3.5e-07
-1.2e-06
-2.3025e-06
-1.74937e-06
-1.74125e-06
-3.275e-07
1.37625e-06
6.33125e-07
1.55625e-07
-5.5e-08
-2.375e-08
-1.84375e-07
-1.17875e-06
-1.43625e-06
-1.60313e-06
-4.70625e-07
7.88125e-07
-1.78125e-07
-8.16875e-07
-7.2625e-07
1.87625e-06
5.12125e-06
2.58313e-06
-1.58937e-06
-2.65688e-06
-2.94e-06
-2.005e-06
2.5625e-08
6.89375e-07
1.8e-07
2.06875e-07
5.6e-07
8.7375e-07
2.03062e-06
1.27375e-06
6.19375e-07
2.56125e-06
1.54e-06
-1.3125e-06
-2.46438e-06
-1.0075e-06
1.14875e-06
-6.0375e-07
-3.75125e-06
-4.60562e-06
-3.13437e-06
-1.56125e-06
-1.15937e-06
-1.4425e-06
-8.65625e-07
2.93125e-07
-7.78125e-07
-5.8125e-08
2.71187e-06
3.035e-06
2.43812e-06
2.7625e-06
2.895e-06
8.725e-07
-1.39e-06
-7.8125e-07
1.61187e-06
5.5625e-07
-3.60125e-06
-4.445e-06
-3.10187e-06
-1.75812e-06
-1.4875e-07
6.7625e-07
2.35125e-06
4.11625e-06
4.11e-06
4.7975e-06
5.80813e-06
3.36375e-06
-7.9875e-07
-3.38125e-06
-4.35875e-06
-3.825e-06
-2.92687e-06
-1.19625e-06
1.10875e-06
6.275e-07
-1.05625e-06
-1.80187e-06
-1.0425e-06
1.95e-06
2.53813e-06
1.41812e-06
1.46125e-06
6.86875e-07
1.27e-06
1.54437e-06
-3.58125e-07
-1.68375e-06
-2.14687e-06
-2.32e-06
-3.16437e-06
-4.10437e-06
-4.38813e-06
-3.78813e-06
-3.6125e-06
-3.8e-06
-2.21375e-06
3.4e-07
4.1e-06
6.20187e-06
3.64688e-06
1.57812e-06
3.125e-06
3.485e-06
7.075e-07
-2.235e-06
-3.12e-06
-9.3875e-07
-5.45e-07
-2.39063e-06
-1.975e-06
-1.02375e-06
1.25625e-07
9.075e-07
1.78875e-06
3.71937e-06
2.90313e-06
1.3825e-06
2.32063e-06
2.6875e-06
8.38125e-07
-8.575e-07
-1.18e-06
-2.36125e-06
-2.7225e-06
-1.55063e-06
-1.96312e-06
-1.10687e-06
1.44937e-06
2.03e-06
4.8375e-07
-2.47625e-06
-2.97688e-06
-4.28125e-07
1.17125e-06
1.94938e-06
2.05125e-06
2.46625e-06
4.11125e-06
4.23312e-06
2.1675e-06
7.975e-07
8.63125e-07
-5.5e-08
-1.42625e-06
-4.14125e-06
-7.98875e-06
-7.19375e-06
-4.92937e-06
-4.33e-06
-1.265e-06
1.41e-06
1.4725e-06
2.43688e-06
4.015e-06
4.44375e-06
5.94875e-06
5.75125e-06
3.0625e-07
-2.95625e-06
-2.04375e-06
-2.39e-06
-2.3975e-06
-1.0875e-06
-1.40938e-06
-2.84625e-06
-3.13813e-06
-1.9325e-06
-9.15e-07
-4.1875e-07
1.74625e-06
2.82375e-06
-6.8625e-07
-2.99125e-06
-1.39e-06
-9.59375e-07
7.38125e-07
4.43313e-06
3.96312e-06
2.79625e-06
3.2475e-06
1.74187e-06
1.03125e-07
-1.66187e-06
-3.97187e-06
-3.64688e-06
-1.21938e-06
7.9e-07
7.35e-07
-1.2325e-06
-7.26875e-07
2.74312e-06
4.185e-06
2.38e-06
4.175e-07
-2.80625e-07
-1.22938e-06
-1.60375e-06
-3.00625e-07
6.4625e-07
-1.0625e-08
-4.69375e-07
7.35625e-07
9.775e-07
-3.05e-07
-5.74375e-07
-5.25e-08
3.275e-07
8e-08
7.9625e-07
1.78625e-06
-1.16875e-06
-4.38125e-06
-2.77313e-06
1.39375e-07
3.1625e-07
-2.9625e-07
-4.2875e-07
-1.27812e-06
-5.5125e-07
1.17313e-06
1.33062e-06
1.1775e-06
4.33125e-07
-1.55313e-06
-1.8175e-06
-2.1375e-07
9.125e-08
-3.1875e-08
-4.4e-07
-6.50625e-07
1.74125e-06
3.84688e-06
2.3475e-06
-1.175e-06
-1.82437e-06
-2.725e-07
-4.54375e-07
-5.85e-07
-5.20625e-07
1.275e-07
1.4875e-06
1.11063e-06
3.5125e-07
-4.84375e-07
-9.06875e-07
-9.78125e-07
-2.6175e-06
-2.56562e-06
-1.81875e-07
1.72562e-06
3.24187e-06
3.15438e-06
5.84375e-07
-3.04062e-06
-4.74687e-06
-3.59e-06
-3.54625e-06
-4.26438e-06
-2.385e-06
2.5e-07
1.52687e-06
1.86875e-06
3.31125e-06
5.57688e-06
5.30063e-06
2.51813e-06
7.1625e-07
1.08875e-06
8.99375e-07
-6.94375e-07
-1.9575e-06
-9.5375e-07
1.28438e-06
2.075e-07
-2.7725e-06
-3.46375e-06
-2.28313e-06
-1.22562e-06
-1.05312e-06
-5.6875e-07
6e-07
1.68687e-06
1.42438e-06
5.43125e-07
1.60875e-06
3.2775e-06
3.28312e-06
1.81938e-06
-3.35625e-07
-3.55063e-06
-5.79188e-06
-3.78313e-06
-1.56437e-06
-2.97187e-06
-4.12625e-06
-2.99812e-06
-6.025e-07
2.3125e-06
2.26688e-06
1.30188e-06
2.54562e-06
2.58562e-06
2.17687e-06
2.22562e-06
9.625e-07
-9.10625e-07
-1.605e-06
-1.50562e-06
-2.03188e-06
-1.91e-06
-7.33125e-07
-4.7375e-07
-1.07688e-06
6.2875e-07
2.87438e-06
3.3025e-06
3.03875e-06
1.63813e-06
1.5775e-06
1.1375e-06
-2.1e-06
-3.03313e-06
-1.4275e-06
-7.125e-07
-3.64375e-07
3.7875e-07
3.09375e-07
-1.21312e-06
-2.60938e-06
-3.05063e-06
-2.3775e-06
-2.55625e-07
2.88187e-06
6.30437e-06
5.79813e-06
1.28812e-06
-2.03688e-06
-3.64875e-06
-2.65438e-06
1.70625e-07
3.6e-07
-1.39375e-06
-1.20625e-06
-1.14438e-06
-3.15375e-06
-1.685e-06
2.125e-06
4.01063e-06
5.39875e-06
4.0125e-06
1.3825e-06
1.17375e-06
2.61875e-07
-2.1525e-06
-3.53063e-06
-3.40063e-06
-3.2625e-06
-1.58313e-06
1.56687e-06
1.50625e-06
-1.86875e-07
1.5125e-07
1.91313e-06
2.345e-06
-6.0625e-08
-1.53687e-06
-1.02062e-06
-8.925e-07
-6.25e-08
8.1625e-07
-4.0375e-07
-1.43812e-06
-7.425e-07
-1.5375e-07
-5.35625e-07
-7.9125e-07
4.0875e-07
6.9375e-07
-1.11312e-06
-1.53687e-06
-1.6075e-06
-2.89125e-06
-2.09688e-06
4.95625e-07
2.23813e-06
2.20688e-06
6.60625e-07
-1.3e-07
-5.48125e-07
-1.765e-06
-1.0325e-06
1.46062e-06
2.10437e-06
1.09063e-06
-1.75e-07
-2.39187e-06
-3.12812e-06
-1.11687e-06
6.875e-07
1.9375e-06
2.16062e-06
7.43125e-07
-7.0625e-08
1.3925e-06
2.85437e-06
2.34937e-06
8.76875e-07
-2.06563e-06
-3.97812e-06
-2.63312e-06
-9.79375e-07
3.2625e-07
1.07688e-06
5.3375e-07
6.5e-07
1.0325e-06
-5.375e-08
3.8875e-07
1.2875e-06
-1.52e-06
-3.58125e-06
-2.28313e-06
-1.49813e-06
-2.11562e-06
-1.63187e-06
3.38125e-07
2.32938e-06
3.03375e-06
1.92875e-06
1.5925e-06
1.70313e-06
1.73e-06
1.81562e-06
-8.54375e-07
-4.06688e-06
-4.09187e-06
-2.36125e-06
-2.76375e-06
-2.25937e-06
1.52813e-06
1.785e-06
-6.49375e-07
-1.425e-07
2.26438e-06
3.01e-06
1.91875e-06
1.44937e-06
6.9125e-07
-5.90625e-07
-1.65562e-06
-2.36125e-06
-1.53437e-06
-9.58125e-07
-6.9625e-07
8.24375e-07
2.13562e-06
1.82938e-06
-5.1e-07
-1.51437e-06
-1.01438e-06
-2.00625e-06
-9.175e-07
1.48688e-06
1.43125e-06
1.44375e-07
-3.68125e-07
7.6125e-07
1.63062e-06
2.91812e-06
4.53437e-06
3.48937e-06
1.54875e-06
4.41875e-07
-4.3125e-07
-1.13063e-06
-2.57625e-06
-4.66437e-06
-4.01625e-06
-7.6125e-07
1.78125e-07
-4.34375e-07
8.36875e-07
9.275e-07
-1.46187e-06
-2.3225e-06
-1.3775e-06
-6.3625e-07
-4.0875e-07
1.08437e-06
3.42313e-06
2.845e-06
-1.85e-07
-2.26688e-06
-1.39125e-06
8.75625e-07
2.155e-06
1.73812e-06
-1.525e-07
-1.04563e-06
-1.505e-06
-3.23125e-06
-4.79563e-06
-4.78937e-06
-2.19437e-06
7.95625e-07
1.51062e-06
1.83938e-06
2.66813e-06
1.9175e-06
2e-07
4.61875e-07
1.47438e-06
3.78125e-07
4.70625e-07
3.00687e-06
1.75062e-06
-2.63438e-06
-3.2175e-06
-1.11687e-06
-3.3625e-07
-1.0725e-06
-3.19e-06
-3.04125e-06
8.8125e-07
2.245e-06
8.1375e-07
2.01438e-06
4.38813e-06
4.25562e-06
3.2e-06
2.57687e-06
1.30875e-06
1.26687e-06
2.01937e-06
5.7625e-07
-1.405e-06
-2.625e-06
-3.86e-06
-4.85625e-06
-5.10063e-06
-4.0875e-06
-2.43625e-06
-1.3125e-06
1.84375e-07
2.75437e-06
3.5e-06
1.92188e-06
9.1625e-07
9.875e-07
1.31875e-06
7.6e-07
-3.35e-07
-8.8375e-07
-1.6325e-06
-1.60125e-06
-3.475e-07
-4.7625e-07
-4.83125e-07
1.04e-06
9.95e-07
9.21875e-07
1.325e-06
8.03125e-07
1.43063e-06
1.5475e-06
1.52562e-06
1.24375e-06
-1.73375e-06
-3.72063e-06
-3.88063e-06
-2.74687e-06
-2.5375e-07
5.2625e-07
-4.8125e-07
-1.4975e-06
-8.4125e-07
6.325e-07
1.125e-07
-6.1625e-07
-6.75e-08
4.24375e-07
8.1e-07
3.9875e-07
-9.4375e-08
-3.875e-08
-2.04375e-07
7.6875e-07
1.33438e-06
5.1625e-07
2.575e-07
-1.6125e-07
-1.475e-07
2.91875e-07
-3.525e-07
-7.1875e-07
-1.90625e-07
9.3875e-07
1.89812e-06
1.46375e-06
8.325e-07
5.5625e-07
-1.25687e-06
-3.2475e-06
-2.17437e-06
-1.04062e-06
-2.05312e-06
-2.14125e-06
1.66875e-07
4.17438e-06
5.85938e-06
4.31125e-06
2.95063e-06
8.61875e-07
-2.31813e-06
-4.28312e-06
-3.28e-06
-7.4875e-07
-6.625e-08
-1.17937e-06
-2.725e-06
-2.45625e-06
-7.0875e-07
7.51875e-07
3.82187e-06
5.45938e-06
3.40812e-06
1.63813e-06
-3.4375e-08
-8.4875e-07
1.0575e-06
1.59937e-06
-1.28812e-06
-3.90313e-06
-4.33562e-06
-4.94813e-06
-5.29562e-06
-3.24875e-06
-1.14188e-06
-5.275e-07
-2.5625e-07
-3.6875e-07
-1.65e-07
9.15625e-07
1.73687e-06
2.09312e-06
2.30812e-06
2.6975e-06
2.14625e-06
-2.6375e-07
-1.18e-06
3.9625e-07
-3.125e-09
-2.12563e-06
-2.13562e-06
-1.3525e-06
-1.42875e-06
-1.54125e-06
-1.51187e-06
-5.65625e-07
9.725e-07
1.715e-06
2.78125e-06
3.75125e-06
3.45625e-06
2.89875e-06
8.1125e-07
-1.91375e-06
-2.47625e-06
-2.25188e-06
-2.00437e-06
-1.36688e-06
-8.61875e-07
-4.5625e-07
-1.2625e-07
6.0375e-07
5.0125e-07
-8.475e-07
-1.00125e-06
-1.04438e-06
-1.32062e-06
-3.74375e-07
4.70625e-07
6.79375e-07
2.79375e-07
7.81875e-07
2.62187e-06
3.85312e-06
4.17562e-06
3.08125e-06
8.1e-07
-1.87e-06
-3.34875e-06
-2.24187e-06
-1.8875e-07
8.325e-07
-6.03125e-07
-2.64375e-06
-2.15437e-06
4.8125e-08
1.19563e-06
-7.25e-08
-1.33937e-06
6.1125e-07
4.52625e-06
5.16313e-06
9.13125e-07
-1.77187e-06
-8.2e-07
2.625e-08
1.245e-06
1.2225e-06
-3.06875e-07
-5.575e-07
-1.24187e-06
-1.48937e-06
2.725e-07
1.66875e-06
1.4025e-06
-1.0875e-07
-1.88563e-06
-2.51e-06
-1.925e-06
-1.77437e-06
-2.10937e-06
-2.00063e-06
-5.6375e-07
1.46812e-06
1.58937e-06
8.10625e-07
4.79375e-07
5.125e-08
-4.36875e-07
-6e-07
9.34375e-07
2.51375e-06
9.4125e-07
-2.99875e-06
-5.23125e-06
-3.35375e-06
-1.1525e-06
-8.45625e-07
-1.04187e-06
-1.01438e-06
2.15625e-07
1.49688e-06
1.8675e-06
1.32688e-06
1.46875e-06
2.83125e-06
2.43063e-06
9.7875e-07
-9.8e-07
-3.06125e-06
-3.21688e-06
-2.42937e-06
-5.9875e-07
8.81875e-07
3.54375e-07
2.53125e-07
-1.8125e-07
-8.01875e-07
1.1775e-06
2.7e-06
2.1025e-06
1.74812e-06
2.96875e-07
-1.845e-06
-8.625e-07
1.8825e-06
2.60187e-06
1.6425e-06
2.53125e-07
-1.47688e-06
-2.61125e-06
-3.29812e-06
-3.55063e-06
-2.63875e-06
-2.41063e-06
-1.945e-06
-1.81875e-07
-5.00625e-07
-4.5875e-07
2.42375e-06
4.34313e-06
4.9425e-06
4.71063e-06
3.79812e-06
2.37938e-06
-4.70625e-07
-2.50375e-06
-4.19375e-06
-5.67438e-06
-4.29687e-06
-1.97188e-06
6.78125e-07
3.44313e-06
3.45625e-06
1.24187e-06
-6.66875e-07
-1.40188e-06
-1.48625e-06
-1.57188e-06
-1.65625e-06
-1.35688e-06
2.9375e-08
1.90375e-06
2.125e-06
2.68188e-06
4.36937e-06
3.92062e-06
2.60875e-06
5.7e-07
-2.14e-06
-3.19375e-06
-3.665e-06
-4.22875e-06
-4.8925e-06
-4.07937e-06
-9.66875e-07
1.74812e-06
3.56875e-06
5.1475e-06
5.94312e-06
5.33e-06
2.875e-06
-8.9e-07
-4.09e-06
-4.71e-06
-3.61375e-06
-2.54312e-06
-2.30625e-07
2.41437e-06
2.4175e-06
8e-07
-5.2375e-07
-7.84375e-07
-1.1025e-06
-2.20062e-06
-1.49375e-06
8.50625e-07
1.69937e-06
4.14375e-07
-3.8e-07
8.00625e-07
2.22812e-06
2.46812e-06
2.39312e-06
2.64937e-06
1.93937e-06
2.73125e-07
-2.52938e-06
-5.11187e-06
-4.63437e-06
-3.77438e-06
-4.06125e-06
-2.79687e-06
3.10625e-07
2.59375e-06
3.16375e-06
2.76625e-06
1.64375e-06
2.06813e-06
2.23625e-06
-3.375e-08
-5.4875e-07
2.7e-07
-9.51875e-07
-2.51375e-06
-2.38375e-06
-9.04375e-07
9.40625e-07
1.26063e-06
6.875e-09
-7.34375e-07
-1.42313e-06
-1.78e-06
-1.085e-06
-8.775e-07
-1.05187e-06
-1.74563e-06
-2.42563e-06
-5.95625e-07
3.10688e-06
5.14e-06
3.70875e-06
1.9625e-07
-3.08375e-06
-4.10063e-06
-3.32438e-06
-2.74438e-06
-1.43687e-06
6.9625e-07
1.27437e-06
9.58125e-07
1.11812e-06
1.01625e-06
4.4875e-07
-4.2125e-07
-8.09375e-07
-1.88125e-07
2.90625e-07
-1.59375e-07
-5.6375e-07
-3.8625e-07
6.5375e-07
2.65875e-06
2.15875e-06
-4.3125e-07
-7.6875e-07
-2.55e-07
-5.6875e-07
-6.85625e-07
-4.46875e-07
-5.6625e-07
-9.01875e-07
-1.11875e-07
9.19375e-07
1.02375e-06
4.81875e-07
-8.80625e-07
-1.34187e-06
2.3e-07
1.33625e-06
9.6125e-07
2.9625e-07
-2.50625e-07
-6.5875e-07
-7.95e-07
-2.2375e-07
4.6e-07
2.65e-07
4.9375e-08
8.8625e-07
2.58e-06
3.09687e-06
1.0725e-06
-1.63e-06
-3.32937e-06
-3.66125e-06
-2.36187e-06
-7.73125e-07
-6.075e-07
-6.84375e-07
4.65e-07
2.12625e-06
3.57625e-06
3.21188e-06
1.31875e-06
1.41e-06
2.18438e-06
1.475e-06
5.5125e-07
-2.4125e-07
-8.225e-07
-1.69437e-06
-2.68687e-06
-3.93937e-06
-4.37188e-06
-2.24625e-06
-3.7375e-07
7.75e-08
3.8e-07
1.00188e-06
2.06313e-06
3.31187e-06
4.835e-06
3.77875e-06
5.0125e-07
-5.63125e-07
-9.35625e-07
-1.52e-06
-1.57625e-06
-2.17125e-06
-1.97437e-06
-1.46875e-06
-1.05375e-06
3.0625e-07
2.2125e-07
-1.01687e-06
-3.90625e-07
-4.25e-08
-8.65625e-07
-5.03125e-07
1.375e-08
4.875e-07
1.89125e-06
3.49625e-06
3.97563e-06
3.525e-06
2.57438e-06
-4.75625e-07
-2.48125e-06
-1.4825e-06
-1.7525e-06
-4.11437e-06
-5.47937e-06
-4.41437e-06
-3.08312e-06
-9.3875e-07
1.64875e-06
1.63563e-06
1.78e-06
2.65562e-06
2.24438e-06
1.125e-06
1.875e-09
1.95625e-07
7.7375e-07
4.4875e-07
1.0125e-07
-1.10063e-06
-2.86063e-06
-1.18125e-06
1.78875e-06
6.875e-07
-9.575e-07
-4.45625e-07
-8.60625e-07
-1.93563e-06
-1.99188e-06
-1.8425e-06
-1.1025e-06
2.55625e-07
2.55625e-07
9.73125e-07
3.05563e-06
2.8525e-06
1.33062e-06
3.74375e-07
-1.4375e-08
1.1625e-07
-7.83125e-07
-2.11e-06
-2.3325e-06
-2.92187e-06
-2.96375e-06
-8.1875e-07
4.40625e-07
1.315e-06
3.0625e-06
2.30125e-06
7.31875e-07
1.10375e-06
1.09187e-06
7.5625e-08
1.95e-07
2.00625e-07
-1.13063e-06
-6.9625e-07
-6.1125e-07
-2.10813e-06
-1.26938e-06
5.875e-08
4.93125e-07
3.9875e-07
-4.5625e-08
-2.1e-07
-7.1375e-07
2.85625e-07
2.23875e-06
2.85437e-06
2.81062e-06
3.07437e-06
2.35875e-06
-7.1125e-07
-3.20813e-06
-3.01875e-06
-1.71188e-06
-3.9625e-07
2.43125e-07
1.48125e-07
3.05e-07
3.4e-07
-2.06875e-07
-1.05875e-06
-1.44937e-06
-9.99375e-07
-1.235e-06
-1.2275e-06
-6.49375e-07
-8.375e-07
-2.78125e-07
1.46375e-06
3.04312e-06
2.35125e-06
1.25e-07
-2.29375e-07
3.03125e-07
-6.1125e-07
-2.10125e-06
-2.21625e-06
-1.11938e-06
-8e-08
1.13875e-06
1.48688e-06
-2.99375e-07
-1.84625e-06
-1.67375e-06
-1.5075e-06
-1.66875e-06
-3.29375e-07
1.8875e-06
2.99187e-06
2.49875e-06
4.1125e-07
-5.54375e-07
2.05e-07
3.74375e-07
5.40625e-07
2.9625e-07
2.375e-07
1.46875e-06
1.90688e-06
7.5375e-07
-1.60937e-06
-2.93312e-06
-2.33125e-06
-1.89062e-06
-1.0025e-06
5.88125e-07
9.14375e-07
-1.44438e-06
-2.76937e-06
4.15625e-07
3.65313e-06
4.34938e-06
2.97688e-06
8.7375e-07
3.475e-07
-1.89375e-07
-1.59937e-06
-2.65625e-06
-2.54938e-06
-1.70313e-06
-2.325e-06
-3.44938e-06
-2.54875e-06
-9.3875e-07
-3.98125e-07
-4.71875e-07
1.575e-07
1.94688e-06
3.61375e-06
4.01438e-06
2.90063e-06
1.56e-06
1.07938e-06
2.0875e-07
-1.3275e-06
-1.81187e-06
-1.27937e-06
-1.70188e-06
-1.59375e-06
-2.975e-07
-5.7125e-07
-5.99375e-07
6.8875e-07
9.26875e-07
3.91875e-07
-1.44375e-07
-6.525e-07
-1.01375e-06
-7.7125e-07
3.3875e-07
1.84125e-06
2.9525e-06
2.99375e-06
2.27375e-06
5.28125e-07
-1.14937e-06
-8.475e-07
-5.2625e-07
-1.42e-06
-2.36687e-06
-2.645e-06
-2.0975e-06
-1.55188e-06
-6.71875e-07
1.0825e-06
2.8425e-06
3.0825e-06
1.64125e-06
1.01375e-06
7.19375e-07
6.625e-08
9.51875e-07
1.36437e-06
3.7375e-07
-9.3e-07
-3.565e-06
-4.83125e-06
-2.46312e-06
-2.36875e-07
1.61875e-07
-8.25e-08
-1.07e-06
-1.14875e-06
6e-07
1.35875e-06
4.25e-08
-7.2e-07
-2.125e-08
5.9875e-07
7.98125e-07
-9.8125e-08
-1.4225e-06
-1.61062e-06
-1.67625e-06
-1.40562e-06
-8.04375e-07
-2.4875e-07
9.65e-07
1.62312e-06
9.19375e-07
-6.46875e-07
-1.36375e-06
9.25e-08
1.42625e-06
1.48875e-06
1.6525e-06
8.8375e-07
-1.10625e-06
-2.23437e-06
-1.81938e-06
-8.06875e-07
1.275e-07
1.19688e-06
1.53188e-06
1.71937e-06
1.38875e-06
-5.75e-07
-1.14937e-06
-7.275e-07
-1.85e-07
1.07125e-06
4.50625e-07
-1.65938e-06
-2.61062e-06
-8.525e-07
1.605e-06
1.65062e-06
1.415e-06
2.40375e-06
2.80688e-06
1.825e-06
8.375e-07
5.08125e-07
-1.5125e-07
-5.25e-07
-1.13188e-06
-2.18812e-06
-1.53437e-06
-3.64375e-07
-3.14375e-07
-4.675e-07
-8.25e-07
-9.90625e-07
4.375e-09
1.9075e-06
2.36313e-06
-3.84375e-07
-2.19625e-06
-1.55125e-06
-1.68938e-06
-1.57063e-06
-9.9375e-07
-8.5625e-08
1.78e-06
2.41875e-06
1.66813e-06
8.625e-08
-1.09813e-06
-8.4375e-07
-6.1e-07
-5.33125e-07
-8.425e-07
-1.61625e-06
-2.10813e-06
-2.185e-06
-7.99375e-07
1.74937e-06
2.58125e-06
1.2625e-06
1.0925e-06
2.14375e-06
1.14e-06
-7.4625e-07
-2.38125e-07
8.10625e-07
2.16875e-07
-5.925e-07
-2.17812e-06
-4.0375e-06
-3.79312e-06
-2.91937e-06
-2.04375e-06
-6.25e-07
-6.375e-08
4.48125e-07
1.87125e-06
2.60875e-06
2.11938e-06
1.6125e-06
2.04125e-06
2.57312e-06
1.83188e-06
5.225e-07
-4.1625e-07
-1.39812e-06
-1.79125e-06
-1.4675e-06
-1.46375e-06
-6.125e-07
6.71875e-07
1.14375e-07
-8.5375e-07
-1.09375e-06
-1.42438e-06
-1.78563e-06
-2.36875e-06
-1.84625e-06
8.3875e-07
2.63438e-06
2.10375e-06
1.68375e-06
1.72875e-06
1.04e-06
-5.5e-08
-1.4875e-07
1.12125e-06
1.98437e-06
1.34187e-06
-3.8875e-07
-2.22312e-06
-3.19125e-06
-3.19125e-06
-2.40062e-06
-4.26875e-07
1.92e-06
2.35188e-06
1.95687e-06
2.33937e-06
1.52e-06
-7.5625e-08
-4.06875e-07
3.50625e-07
5.94375e-07
-4.68125e-07
-8.48125e-07
-7.54375e-07
-1.04688e-06
-4.0625e-07
2.16875e-07
-5.5e-08
-4.6625e-07
-1.14313e-06
-2.07062e-06
-1.63813e-06
-2.30625e-07
7.025e-07
1.91813e-06
1.82063e-06
3.625e-07
5.275e-07
6.55e-07
-9.6875e-08
5.5625e-08
-3.825e-07
-8.85e-07
-1.9375e-07
-4.5125e-07
-7.28125e-07
2.45625e-07
6.3125e-07
2.39375e-07
-1.50625e-07
-1.7375e-07
1.4375e-08
2.9375e-08
4.03125e-07
6e-07
3.875e-08
-5.2125e-07
-6.96875e-07
-3.51875e-07
2.9375e-08
2.78125e-07
1.075e-07
-9.1e-07
-1.19813e-06
-8.54375e-07
-1.03e-06
-1.09625e-06
-9.875e-07
-7.825e-07
-3.15625e-07
-1.81875e-07
-4.50625e-07
-3.125e-09
5.71875e-07
8.3875e-07
1.445e-06
1.39625e-06
9.81875e-07
2.0625e-07
-6.70625e-07
-5.96875e-07
-1.46875e-06
-2.49875e-06
-1.25e-06
7.90625e-07
1.30563e-06
-1.18125e-07
-1.61125e-06
-1.04813e-06
9.9375e-07
2.20688e-06
1.77e-06
6.56875e-07
8.5e-08
-6.0625e-07
-9.075e-07
9.9375e-07
2.32687e-06
1.04937e-06
-6.475e-07
-1.35375e-06
-1.38125e-06
-7.43125e-07
-3.275e-07
-1.31438e-06
-1.2575e-06
9.375e-09
1.4125e-07
3.8125e-08
-5.83125e-07
-1.73375e-06
-1.78312e-06
-1.21938e-06
-2.60625e-07
8.65625e-07
1.33e-06
1.8175e-06
1.89125e-06
1.13313e-06
9.65625e-07
9.975e-07
4.64375e-07
4.1e-07
4.2e-07
-1.14875e-06
-3.00125e-06
-3.17812e-06
-2.25687e-06
-1.055e-06
8.39375e-07
3.00125e-06
3.10812e-06
1.7525e-06
1.28375e-06
7.89375e-07
-2.01875e-07
2.325e-07
1.79125e-06
1.14812e-06
-1.48187e-06
-2.42062e-06
-1.85188e-06
-1.39312e-06
-2.69375e-07
6.15625e-07
2.56875e-07
4.275e-07
6.675e-07
-7.4625e-07
-1.51625e-06
-9.10625e-07
-7.9125e-07
-8.0625e-08
7.09375e-07
4.375e-07
-3.6875e-08
-4e-07
2.95e-07
1.18e-06
1.155e-06
5.7375e-07
-6.2625e-07
-1.38938e-06
-1.64437e-06
-2.10125e-06
-2.15938e-06
-1.38125e-06
-2.9125e-07
6.4625e-07
1.465e-06
1.33937e-06
2.30625e-07
-1.08125e-07
8.5625e-08
-5.81875e-07
-3.48125e-07
1.09562e-06
8.95625e-07
-2.875e-07
-5.425e-07
-1.50625e-07
5.7875e-07
1.325e-06
1.44e-06
8.475e-07
2.125e-08
-1.00625e-06
-1.69937e-06
-1.59625e-06
-1.22312e-06
-4.075e-07
4.44375e-07
8.35625e-07
9.35625e-07
1.66875e-07
-6.925e-07
-8.375e-08
7.1875e-07
-2.3375e-07
-7.98125e-07
4.73125e-07
1.01937e-06
8.13125e-07
1.00687e-06
3.86875e-07
7.5e-09
8.71875e-07
4.4625e-07
-4.81875e-07
-3.13125e-07
-1.16563e-06
-2.54625e-06
-2.16312e-06
-6.075e-07
-3.15e-07
-9.95e-07
-7.95e-07
-3.69375e-07
6.95625e-07
2.56187e-06
2.6875e-06
1.53e-06
1.16875e-06
1.8e-07
-1.73875e-06
-1.81813e-06
-4.575e-07
-5.03125e-07
-1.66437e-06
-1.9075e-06
-8e-07
4.51875e-07
6.4875e-07
1.21875e-07
-3.825e-07
-2.975e-07
3.66875e-07
7.61875e-07
8.08125e-07
7.03125e-07
6.69375e-07
9.68125e-07
1.10625e-06
5.2375e-07
-3.5625e-07
-9.7875e-07
-1.87313e-06
-1.69687e-06
-4.91875e-07
-8.70625e-07
-8.4e-07
1.1475e-06
2.2575e-06
1.17625e-06
1.95625e-07
7.20625e-07
3.59375e-07
-7.65625e-07
-4.7625e-07
-5.8125e-07
-1.14438e-06
5.8625e-07
2.065e-06
1.42e-06
1.17e-06
8.85e-07
-1e-08
-5.50625e-07
-1.0825e-06
-2.28063e-06
-2.97688e-06
-1.89812e-06
-7.53125e-07
-4.0625e-07
-4.7125e-07
-2.49375e-07
8.375e-07
8.7375e-07
3.73125e-07
1.54687e-06
2.07375e-06
5.48125e-07
-3.69375e-07
-1.29375e-07
7e-08
-3.1625e-07
-5.35e-07
-1.31875e-07
-4.7125e-07
-7.4625e-07
-9.775e-07
-2.18875e-06
-2.96e-06
-2.9225e-06
-1.55937e-06
8.1375e-07
1.88e-06
1.445e-06
1.27437e-06
2.36313e-06
2.8675e-06
2.15063e-06
1.87125e-06
9.7e-07
-7.00625e-07
-1.59875e-06
-1.53125e-06
-9.2e-07
-1.05563e-06
-1.6925e-06
-2.26125e-06
-2.54063e-06
-1.44062e-06
-5.5625e-08
5.7625e-07
8.875e-07
1.02875e-06
1.30313e-06
1.67125e-06
1.99312e-06
2.07188e-06
1.35125e-06
5.23125e-07
6.8375e-07
2.63125e-07
-1.43188e-06
-2.48125e-06
-2.53437e-06
-2.31813e-06
-2.52625e-06
-2.73625e-06
-2.05688e-06
-7.13125e-07
9.16875e-07
1.71125e-06
1.93687e-06
2.06437e-06
1.43625e-06
8.325e-07
3.36875e-07
3.1625e-07
2.775e-07
-7.73125e-07
-4.73125e-07
8.01875e-07
7.51875e-07
-7.125e-08
-7.98125e-07
-9.95625e-07
-9.59375e-07
-5.0625e-07
8.0625e-08
-1.75e-07
2.8125e-08
1.91875e-07
-1.0175e-06
-1.0975e-06
1.05e-07
4.6875e-07
1.0525e-06
2.05688e-06
1.405e-06
-4.075e-07
-1.43812e-06
-1.82437e-06
-1.315e-06
4.03125e-07
1.50688e-06
1.12437e-06
7.15e-07
1.28e-06
1.62563e-06
9.13125e-07
-1.76875e-07
-1.1775e-06
-1.55875e-06
-1.22187e-06
-8.9625e-07
-1.45187e-06
-2.60063e-06
-2.65938e-06
-1.4125e-06
1.225e-07
1.31812e-06
1.98562e-06
2.055e-06
1.91e-06
1.73937e-06
6.04375e-07
-5.375e-07
-8.7375e-07
-1.48438e-06
-1.56437e-06
-6.0125e-07
-3.35625e-07
-7.45625e-07
-7.075e-07
-1.06625e-06
-1.17875e-06
-3e-08
1.18812e-06
1.33312e-06
7.39375e-07
5.9e-07
2.00625e-07
1.45625e-07
1.13e-06
1.41812e-06
1.20437e-06
1.00937e-06
5.94375e-07
-5.38125e-07
-2.25062e-06
-2.77125e-06
-2.0075e-06
-1.235e-06
-9.7e-07
-7.1e-07
-4.9125e-07
-7.05e-07
-1.24375e-07
1.55125e-06
2.74687e-06
2.65125e-06
1.46125e-06
1.20625e-07
2.64375e-07
4.44375e-07
-3.04375e-07
2.91875e-07
4.91875e-07
-8.74375e-07
-1.46875e-06
-1.1225e-06
-5.7875e-07
6.625e-08
7.48125e-07
2.7625e-07
-1.04937e-06
-1.47312e-06
-1.25875e-06
1.875e-07
2.31312e-06
2.445e-06
1.25812e-06
8.925e-07
1.35375e-06
9.5625e-07
-8.275e-07
-2.15063e-06
-1.96375e-06
-1.94312e-06
-3.50375e-06
-4.36188e-06
-2.17063e-06
9.99375e-07
2.28812e-06
2.49813e-06
2.85312e-06
2.81375e-06
2.1525e-06
1.335e-06
8.56875e-07
-2.35625e-07
-2.55125e-06
-4.20125e-06
-3.62937e-06
-2.19187e-06
-1.51437e-06
-1.06062e-06
-3.5e-08
1.65187e-06
2.14188e-06
4.6875e-07
-7.4625e-07
-2.88125e-07
6.4875e-07
9.49375e-07
7.93125e-07
7.78125e-07
4.36875e-07
7.1875e-08
1.48125e-07
-2.48125e-07
-8.9875e-07
-5.2375e-07
-2.9375e-07
-8.91875e-07
-6.075e-07
5.75625e-07
1.66375e-06
1.85562e-06
8.60625e-07
-4.5875e-07
-7.04375e-07
-1.625e-07
-5.725e-07
-3.08125e-07
1.96875e-07
-1.11125e-06
-1.26812e-06
-6e-08
1.85625e-07
-5.4e-07
-6.0375e-07
4.475e-07
-2.1875e-07
-1.47125e-06
-1.16687e-06
-1.27188e-06
-1.44375e-06
-5.025e-07
8.55e-07
1.97563e-06
1.85063e-06
6.625e-07
7.7625e-07
2.26375e-06
2.15125e-06
3.625e-07
-5.3625e-07
-2e-07
3.16875e-07
-3.625e-08
-9.84375e-07
-9.0875e-07
-4.4375e-07
-3.96875e-07
-3.775e-07
-2.325e-07
-3.1875e-08
-5.075e-07
-1.0225e-06
-8.4375e-07
-4.025e-07
-4.89375e-07
-9.46875e-07
2.58125e-07
1.485e-06
6.8125e-07
-7.375e-08
-7.23125e-07
-1.51688e-06
-1.54812e-06
-7.66875e-07
4.6375e-07
1.17688e-06
1.71438e-06
1.20437e-06
-1.34375e-07
-6.15625e-07
-9.18125e-07
5.5e-08
1.1025e-06
9.08125e-07
1.64312e-06
1.975e-06
1.10687e-06
-6.1875e-08
-1.73625e-06
-2.92875e-06
-3.11312e-06
-2.19875e-06
-8.55e-07
-5.71875e-07
-4.08125e-07
1.8625e-07
6.6375e-07
1.375e-06
1.79e-06
1.80875e-06
1.71438e-06
1.43812e-06
6.16875e-07
-1.09813e-06
-1.83687e-06
-1.22062e-06
-8.46875e-07
-4.7e-07
-4.61875e-07
-1.30125e-06
-1.81562e-06
-1.58313e-06
-1.30875e-06
-7.925e-07
8.78125e-07
2.3875e-06
2.415e-06
2.30063e-06
1.73188e-06
-1.4125e-07
-1.495e-06
-1.58062e-06
-7.7625e-07
3e-07
7.225e-07
1.02188e-06
9.69375e-07
-8.9375e-08
-1.25063e-06
-1.35938e-06
-9.875e-07
-9.76875e-07
-5.15625e-07
-5.675e-07
-1.78375e-06
-2.63562e-06
-2.14062e-06
-4.30625e-07
1.14937e-06
2.78125e-06
3.97e-06
3.49125e-06
2.17187e-06
4.75e-07
1.11875e-07
4.88125e-07
-9.5125e-07
-2.39812e-06
-2.66563e-06
-2.2175e-06
-1.13125e-06
1.65e-07
7.1625e-07
-3.56875e-07
-1.02687e-06
-9.3625e-07
-7.63125e-07
8.10625e-07
2.13437e-06
1.96125e-06
1.3825e-06
9.6875e-07
7.56875e-07
2.85625e-07
-7.9375e-08
-9.3125e-08
-1.25e-09
0
-1.6375e-07
2.1875e-07
-5.25e-08
-1.42125e-06
-1.77062e-06
-1.41375e-06
-3.90625e-07
7.85625e-07
5.65e-07
4.44375e-07
4.3875e-07
3.3875e-07
7.34375e-07
1.80625e-07
-6.6e-07
-7.375e-07
-8.50625e-07
-1.25312e-06
-1.54125e-06
-8.5875e-07
-2e-08
-1.6e-07
-5.05e-07
-1.06125e-06
-1.4975e-06
-1.20938e-06
-6.71875e-07
1.775e-07
8.38125e-07
9.275e-07
8.99375e-07
9.4625e-07
1.19563e-06
1.12125e-06
7.4e-07
9.24375e-07
9.34375e-07
4.13125e-07
5.40625e-07
5.20625e-07
-9.8125e-07
-2.61062e-06
-2.355e-06
-1.4175e-06
-1.76e-06
-1.71063e-06
-3.6875e-07
7.31875e-07
1.02062e-06
8.13125e-07
1.00188e-06
1.46187e-06
1.3675e-06
8.9125e-07
2.625e-08
-6.19375e-07
-6.25e-08
5.53125e-07
5.90625e-07
5.925e-07
-6.3e-07
-2.01438e-06
-1.86e-06
-1.75125e-06
-1.875e-06
-1.69687e-06
-1.09375e-06
-5.3125e-08
7.95625e-07
1.41562e-06
1.36875e-06
1.41625e-06
1.94562e-06
1.74812e-06
1.36187e-06
8.15625e-07
-3.39375e-07
-8.4e-07
-2.75e-07
-2.30625e-07
-1.00063e-06
-9.275e-07
-7.3375e-07
-1.24125e-06
-1.2775e-06
-1.23437e-06
-9.00625e-07
2.36875e-07
1.15625e-06
1.4025e-06
1.25562e-06
1.0775e-06
1.03937e-06
1.41375e-06
1.29438e-06
6.03125e-07
8.9e-07
1.35688e-06
6.375e-07
-7.9625e-07
-1.61e-06
-1.45875e-06
-1.185e-06
-1.35e-06
-1.515e-06
-1.32313e-06
-1.37875e-06
-9.44375e-07
7.25e-08
5.14375e-07
1.0225e-06
1.85375e-06
2.50812e-06
2.65812e-06
1.94812e-06
7.9125e-07
1.95625e-07
4.2875e-07
6.625e-08
-1.46313e-06
-3.10187e-06
-3.84625e-06
-3.75188e-06
-3.525e-06
-2.16813e-06
-2.6e-07
5.41875e-07
1.395e-06
2.08937e-06
1.5775e-06
6.45625e-07
2.89375e-07
6.975e-07
8.275e-07
6.66875e-07
6.98125e-07
-5.625e-09
-1.0925e-06
-7.80625e-07
4.4875e-07
7.7375e-07
5.6e-07
6e-08
-1.08125e-06
-2.02313e-06
-2.62125e-06
-2.60875e-06
-1.7275e-06
-5.925e-07
7.55e-07
2.365e-06
3.3e-06
2.73437e-06
1.84812e-06
8.74375e-07
-3.825e-07
-5.58125e-07
-6.01875e-07
-9.175e-07
-7.8375e-07
-1.18937e-06
-1.80437e-06
-1.47875e-06
-3.0375e-07
4.5125e-07
2.2625e-07
2.2125e-07
7.16875e-07
1.2625e-07
-7.2625e-07
-1.41875e-07
-1.73125e-07
-7.75e-07
1.58125e-07
1.8575e-06
1.95e-06
2.06875e-07
-1.7125e-07
8.59375e-07
1.14625e-06
1.5625e-08
-1.64312e-06
-2.0675e-06
-2.19e-06
-2.06937e-06
-1.91625e-06
-1.78563e-06
-4.08125e-07
7.7625e-07
1.32937e-06
1.18187e-06
8.46875e-07
1.13937e-06
1.3325e-06
1.53063e-06
1.28812e-06
7.025e-07
-7.58125e-07
-2.03875e-06
-1.02125e-06
-1.5875e-07
9.25e-08
1.85e-07
-1.03688e-06
-1.74625e-06
-1.11562e-06
7.4375e-08
8.18125e-07
3.0125e-07
4.8125e-08
6.0375e-07
1.3275e-06
1.50062e-06
9.78125e-07
1.10875e-06
9.9e-07
5.08125e-07
7.575e-07
3.88125e-07
-6.71875e-07
-1.49e-06
-1.44875e-06
-6.90625e-07
-8.6625e-07
-1.47875e-06
-1.18187e-06
-9.425e-07
-4.30625e-07
9.80625e-07
1.71125e-06
1.32062e-06
2.10625e-07
-2.1375e-07
5.60625e-07
8.45625e-07
5.71875e-07
-4.3e-07
-1.31375e-06
-9.8625e-07
-6e-07
-1.2125e-07
-2.7625e-07
-1.1025e-06
-6.61875e-07
-3.15e-07
-1.49437e-06
-2.35312e-06
-1.74313e-06
-8.8125e-08
1.62062e-06
2.03688e-06
9.175e-07
-6.00625e-07
-1.03062e-06
-2.0375e-07
8.275e-07
1.38312e-06
1.20437e-06
5.8875e-07
-4.10625e-07
-1.56937e-06
-2.04938e-06
-1.61625e-06
-8.15e-07
-6.7e-07
-9.88125e-07
-1.36625e-06
-1.85625e-06
-1.83437e-06
-8.425e-07
1.49938e-06
3.52875e-06
3.29875e-06
2.335e-06
1.54375e-06
4.88125e-07
-2.55625e-07
3.9375e-08
7.775e-07
2.475e-07
-6.9875e-07
-1.17e-06
-1.92875e-06
-2.255e-06
-1.78375e-06
-7.33125e-07
1.33125e-07
4.175e-07
7.99375e-07
9.28125e-07
4.225e-07
-3.15625e-07
-4.13125e-07
-1.61875e-07
1.125e-07
9.2875e-07
1.49062e-06
1.71313e-06
1.30125e-06
3.21875e-07
2.25e-08
-3.9375e-07
-6.9875e-07
-6.875e-08
3.74375e-07
-1.35e-07
-9.025e-07
-9.44375e-07
-6.4625e-07
-1.1875e-07
6.29375e-07
7.6875e-07
5.83125e-07
6.25e-07
8.76875e-07
7.73125e-07
-4.39375e-07
-1.39812e-06
-1.17812e-06
-7.125e-07
1.3125e-08
5.075e-07
5.45e-07
3.3125e-08
-8.15e-07
-5.5e-07
1.125e-08
3.11875e-07
1.49375e-07
-8.5375e-07
-1.61e-06
-1.41063e-06
2.175e-07
1.06813e-06
5.86875e-07
6.98125e-07
1.8e-07
-3.025e-07
1.4375e-07
1.875e-09
-5.84375e-07
-6.4625e-07
-2.0625e-07
1.41875e-07
3.725e-07
-1.55625e-07
-7.325e-07
2.60625e-07
5.4875e-07
-3.1125e-07
-1.20625e-07
-3.63125e-07
-1.5125e-06
-2.09375e-06
-1.33187e-06
3.8375e-07
3.0625e-07
-1.04688e-06
-1.4125e-06
-8.95625e-07
-4.0625e-08
2.8375e-07
9.49375e-07
1.8025e-06
1.1725e-06
7.375e-08
3.6875e-08
3.28125e-07
-2.48125e-07
-4.18125e-07
-8.5625e-08
-3.39375e-07
-2.28125e-07
5.9375e-08
8.8125e-08
1.65625e-07
2.71875e-07
3.63125e-07
-3.2125e-07
-1.205e-06
-9.44375e-07
-2.89375e-07
2.53125e-07
7.35e-07
6.35625e-07
1.79375e-07
-4.03125e-07
-3.225e-07
6.0375e-07
9.49375e-07
6.00625e-07
3.1875e-08
-5.85e-07
-1.18062e-06
-1.03125e-06
4.6375e-07
1.69937e-06
2.14e-06
1.68812e-06
-2.2625e-07
-1.45e-06
-1.01937e-06
-4.28125e-07
-1.03125e-07
1.65625e-07
2.55e-07
-3.825e-07
-1.32563e-06
-1.7575e-06
-1.615e-06
-1.26e-06
-1.07312e-06
-2.5e-09
1.2975e-06
1.26562e-06
1.18187e-06
1.57e-06
1.69937e-06
1.1525e-06
3.1125e-07
3.4375e-08
-2.825e-07
-7.36875e-07
-1.00438e-06
-1.2425e-06
-8.08125e-07
9.1875e-08
6.1375e-07
8.51875e-07
8.2875e-07
-8.4375e-08
-9.01875e-07
1.0125e-07
1.60812e-06
1.68938e-06
8.75625e-07
-1.0375e-07
-1.36312e-06
-1.87062e-06
-1.26938e-06
-7.1125e-07
-1.18125e-07
8.125e-08
-1.4625e-07
4.39375e-07
6.50625e-07
-5.41875e-07
-1.15125e-06
-1.11875e-07
1.0325e-06
1.24813e-06
7.93125e-07
4.1375e-07
1.58125e-07
-2.75e-07
-2.35e-07
-6.8e-07
-1.65437e-06
-1.7075e-06
-1.74375e-06
-1.775e-06
-1.36938e-06
-1.37375e-06
-1.14375e-06
-1.98125e-07
4.725e-07
8.6125e-07
1.565e-06
2.39187e-06
2.42937e-06
1.58375e-06
1.035e-06
1.08813e-06
1.29188e-06
1.31875e-07
-2.17812e-06
-2.795e-06
-2.12062e-06
-1.73438e-06
-1.31625e-06
-4.04375e-07
5.51875e-07
7.10625e-07
6.46875e-07
5.28125e-07
3.65625e-07
6.34375e-07
7.525e-07
9.15625e-07
1.04125e-06
7.83125e-07
3.35e-07
-6.60625e-07
-1.21e-06
-1.41313e-06
-1.81187e-06
-1.58937e-06
-1.73188e-06
-2.02938e-06
-1.23687e-06
1.16875e-07
8.975e-07
7.40625e-07
9.19375e-07
1.02313e-06
3e-07
-3.25e-08
1.5875e-07
6.2375e-07
9.4875e-07
1.06312e-06
1.13437e-06
3.1875e-07
-9.10625e-07
-1.49688e-06
-1.42438e-06
-1.01563e-06
-6.93125e-07
-4.3125e-07
-6.5625e-08
1.0875e-07
3.28125e-07
7.4375e-07
6.7125e-07
5.79375e-07
7.53125e-07
7.2625e-07
6.98125e-07
-7.4375e-08
-9.48125e-07
-6.93125e-07
-7.41875e-07
-8.23125e-07
-5.9375e-08
1.25e-09
-8.79375e-07
-9.13125e-07
3.4375e-08
3.675e-07
6.31875e-07
9.90625e-07
6.2e-07
1.095e-06
1.84188e-06
1.475e-06
1.23063e-06
6.7e-07
-5.00625e-07
-9.08125e-07
-9.3375e-07
-1.16438e-06
-1.45313e-06
-2.00125e-06
-1.95e-06
-9.5e-07
-3.49375e-07
-5.75e-07
-7.33125e-07
-1.2625e-07
1.10063e-06
1.9e-06
1.57937e-06
1.47625e-06
1.80375e-06
1.39562e-06
5.5375e-07
-2.36875e-07
-1.55625e-07
-2.0125e-07
-1.125e-06
-1.07625e-06
-1.1e-06
-1.84e-06
-1.61875e-06
-8.6e-07
2.5e-08
1.02062e-06
1.04937e-06
-2.13125e-07
-1.25188e-06
-6.2625e-07
3.46875e-07
3.1625e-07
2.1375e-07
2.33125e-07
9.9375e-08
3.55e-07
6.9375e-07
