# stat 417 comp     1 type vel samp 8.000000 ndat 5652 s_x 12.600500 s_y 50.530499 s_z 0.528000 e_x 0.000000 e_y 0.000000 e_z 0.000000 start 2000-09-08 11:39:51.592010
7.55e-07
6.71875e-07
1.86875e-07
-5.5625e-07
-8.7375e-07
-1.24187e-06
-1.645e-06
-1.44125e-06
-9.6875e-07
-3.2875e-07
4.49375e-07
8.7625e-07
7.4625e-07
3.8e-07
2.8125e-08
-2.925e-07
-1.9375e-07
1.80625e-07
7.0625e-07
9.73125e-07
7.25625e-07
4.76875e-07
-1.75e-08
-3.44375e-07
-2.5125e-07
-4.73125e-07
-9.0875e-07
-1.14375e-06
-9.66875e-07
-5.8875e-07
-2.74375e-07
2.8875e-07
8.1875e-07
1.00562e-06
8.44375e-07
2.51875e-07
-2.53125e-07
-1.3375e-07
2.4375e-07
-8.75e-08
-6.74375e-07
-7.66875e-07
-2.55e-07
3.99375e-07
2.35e-07
-4.0625e-08
-4.625e-08
-2.025e-07
-4.125e-07
-2.30625e-07
2.6875e-07
2.925e-07
1e-07
-1.9375e-07
-2.90625e-07
-1.98125e-07
-1.775e-07
2.1e-07
2.78125e-07
2.21875e-07
2.4125e-07
-7.4375e-08
-1.40625e-07
9.375e-09
-3.375e-08
-2.98125e-07
-2.7e-07
-4.375e-08
-2e-07
-3.36875e-07
-5.375e-08
1.13125e-07
8.5e-08
2.9875e-07
1.91875e-07
-2.4375e-08
-2.70625e-07
-6.5e-07
-3.68125e-07
6.625e-08
3.61875e-07
3.06875e-07
8.25e-08
4.28125e-07
3.925e-07
-1.40625e-07
-6.3625e-07
-8.98125e-07
-4e-07
-4.125e-08
-9.125e-08
-5.3125e-08
-4e-08
1.74375e-07
1.11875e-07
-2.5e-08
5e-09
-1.0625e-08
1.38125e-07
-7.5e-08
8.75e-09
1.55625e-07
-1.09375e-07
1.89375e-07
5.25e-08
6.125e-08
4.54375e-07
7.125e-08
1.25e-08
-2.1625e-07
-4.78125e-07
5e-08
3.125e-07
1.95e-07
-2.4625e-07
-7.125e-07
-7.11875e-07
-5.1625e-07
1.4375e-08
5.31875e-07
4.625e-07
1.3e-07
-1.075e-07
1.45e-07
3.4875e-07
2.1875e-08
-2.9375e-08
6.875e-08
1.4e-07
2.675e-07
8.3125e-08
-2.18125e-07
-4.5375e-07
-3.70625e-07
-2.125e-07
-1.3375e-07
-1.3375e-07
-4.2125e-07
-1.35625e-07
8.875e-08
-8.875e-08
2.09375e-07
3.20625e-07
4.175e-07
4.6875e-07
1.2625e-07
6.25e-10
6.25e-09
1.7625e-07
3.0625e-07
3.16875e-07
1.5875e-07
-3.35625e-07
-3.9875e-07
-3.9375e-07
-6.175e-07
-6.05625e-07
-4.375e-07
-5.625e-09
3.3125e-07
3.9625e-07
6.31875e-07
5.2625e-07
-5.625e-08
-6.25e-09
3.1125e-07
9.9375e-08
-4.3125e-08
7.25e-08
-1.0875e-07
-5.2625e-07
-6.70625e-07
-8.65625e-07
-6.48125e-07
1.875e-07
2.33125e-07
-7.0625e-08
-2.11875e-07
-3.225e-07
-5.0625e-08
2.01875e-07
5.88125e-07
7.28125e-07
4.1625e-07
2.4e-07
-6.875e-08
-4.03125e-07
-5.45625e-07
-5.275e-07
-5.3875e-07
-6.85625e-07
-4.2625e-07
1.65625e-07
4.0375e-07
2.18125e-07
-2.875e-08
1.0625e-07
3.55e-07
3.125e-07
5.075e-07
5.10625e-07
6.5625e-08
-2.125e-08
1.16875e-07
2.0625e-08
-5.65e-07
-7.9875e-07
-7.5625e-07
-7.90625e-07
-2.45e-07
-3.3e-07
-3.175e-07
2.91875e-07
2.78125e-07
4.38125e-07
6.43125e-07
7.56875e-07
7.38125e-07
2.59375e-07
-6.375e-08
2.5e-09
-3.4375e-08
-2.95625e-07
-5.04375e-07
-1.01438e-06
-1.06625e-06
-5.69375e-07
-7.2625e-07
-6.0875e-07
2.11875e-07
6.725e-07
6.725e-07
4.26875e-07
2.98125e-07
4.9625e-07
6.54375e-07
3.46875e-07
2.11875e-07
4.30625e-07
-1.1375e-07
-5.93125e-07
-6.3625e-07
-8.29375e-07
-8.80625e-07
-1.10125e-06
-8.66875e-07
-3.125e-09
5.7e-07
8.675e-07
1.11812e-06
1.24875e-06
9.29375e-07
2.38125e-07
-1.81875e-07
-2.1875e-08
1.2625e-07
-1.6e-07
-5.3e-07
-8.08125e-07
-9.95e-07
-1.10437e-06
-9.7e-07
-4.0875e-07
2.86875e-07
6.60625e-07
7.05e-07
4.075e-07
7.5625e-08
4.56875e-07
9.49375e-07
8.95e-07
6.675e-07
3.51875e-07
-3.11875e-07
-9.825e-07
-1.16687e-06
-1.27875e-06
-9.50625e-07
-8.8125e-08
6.125e-08
-1.45625e-07
-1.46875e-07
-7.1875e-08
2.8625e-07
5.05e-07
6.20625e-07
7.09375e-07
6.7875e-07
3.45625e-07
-5.375e-07
-7.94375e-07
-3.19375e-07
4.375e-08
-7.5e-09
-4.2875e-07
-3.1125e-07
-5.25e-08
-1.19375e-07
-2.5375e-07
-4.5375e-07
-2.175e-07
1.4875e-07
4.4e-07
6.0375e-07
3.51875e-07
3.6e-07
4.79375e-07
2.075e-07
-1.7e-07
-3.7375e-07
-3.1375e-07
-3.8375e-07
-3.41875e-07
-3.18125e-07
-7.03125e-07
-6.66875e-07
-4.5e-07
-8.5e-08
5.11875e-07
6.66875e-07
8.28125e-07
7.2625e-07
4.30625e-07
3.58125e-07
3.125e-09
-3.29375e-07
-6.25625e-07
-6.375e-07
-3.24375e-07
-3.175e-07
-3.39375e-07
-4.85e-07
-3.5375e-07
1.225e-07
1.65e-07
1.3375e-07
1.6625e-07
6.9375e-08
-1.625e-07
8.375e-08
7.69375e-07
9.48125e-07
6.63125e-07
-1.9125e-07
-7.34375e-07
-5.2875e-07
-5.98125e-07
-2.525e-07
1.45e-07
-2.91875e-07
-4.80625e-07
-2.51875e-07
6.875e-09
1.325e-07
1.49375e-07
3.5625e-07
4.05625e-07
4.45625e-07
1.975e-07
-1.54375e-07
7.6875e-08
-1.09375e-07
-1.85e-07
-7.75e-08
-1.65e-07
1e-07
-2.9e-07
-5.46875e-07
-2.3625e-07
-6.625e-08
1.46875e-07
8.4375e-08
4.11875e-07
6.225e-07
3.425e-07
2.85625e-07
-1.325e-07
-2.38125e-07
1.00625e-07
2.875e-08
-2.725e-07
-6.6375e-07
-7.05625e-07
-4.03125e-07
-2.51875e-07
1.175e-07
5.675e-07
5.65e-07
5.8625e-07
3.325e-07
-8.0625e-08
-7.1875e-08
-7e-08
1.61875e-07
3e-08
-1.0875e-07
2.64375e-07
-6.1875e-08
-4.16875e-07
-5.025e-07
-4.45e-07
-1.6875e-08
0
-4.30625e-07
-7.06875e-07
-2.4625e-07
2.25e-07
2.75625e-07
5.0125e-07
5.51875e-07
5.5e-07
3.38125e-07
-2.175e-07
-5.7e-07
-7.5125e-07
-3.5875e-07
2.39375e-07
7.5625e-08
-3.3375e-07
-4.16875e-07
-4.60625e-07
-3.9e-07
9.5e-08
1.74375e-07
-9.6875e-08
3.46875e-07
5.1375e-07
7.375e-08
-2.0625e-08
1.525e-07
7.6875e-07
9.89375e-07
2.41875e-07
-8.26875e-07
-1.77187e-06
-1.45e-06
-5.40625e-07
5.125e-08
4.71875e-07
3.7e-07
1.6125e-07
-9.75e-08
-2.75e-08
3.58125e-07
4.25e-07
5.58125e-07
5.03125e-07
-3.8125e-08
-5.1875e-07
-2.50625e-07
2.9375e-07
1.725e-07
-1.33125e-07
-5.2625e-07
-6.2e-07
-3.425e-07
-5.9625e-07
-5.88125e-07
-3.89375e-07
-3.01875e-07
3.24375e-07
7.975e-07
7.4875e-07
6.4875e-07
7.45625e-07
3.99375e-07
-2.2875e-07
-1.64375e-07
-2.59375e-07
-4.88125e-07
-2.88125e-07
-2.8875e-07
-2.8625e-07
-4.41875e-07
-4.8875e-07
-7.4375e-08
3.875e-08
1.19375e-07
-6.5e-08
-3.56875e-07
1.95625e-07
7.5625e-07
8.10625e-07
6.36875e-07
2.73125e-07
-2.11875e-07
-4.25625e-07
-1.5125e-07
4.8125e-08
-2.375e-08
-2.8125e-07
-4.41875e-07
-1.1875e-07
4.9375e-08
-5.09375e-07
-8.5875e-07
-4.08125e-07
2.5375e-07
5.3e-07
3.66875e-07
3.725e-07
5.525e-07
6.86875e-07
4.41875e-07
-2.6125e-07
-7.0875e-07
-7.6875e-07
-5.84375e-07
-5.54375e-07
-4.46875e-07
-3.55625e-07
-3.0375e-07
3.00625e-07
3.64375e-07
2.59375e-07
3.2e-07
7.1875e-08
1.54375e-07
1.19375e-07
2.08125e-07
3.04375e-07
-1.48125e-07
-3.925e-07
-3.35625e-07
-2.04375e-07
-1.125e-07
-5.75e-08
1.16875e-07
1.375e-08
-4.2e-07
-4.4e-07
-2.3625e-07
-7.5625e-08
1.1375e-07
3.1875e-08
8.3125e-08
3.75e-07
6.0875e-07
4.98125e-07
-3.4375e-08
-2.40625e-07
-8.5625e-08
-2.69375e-07
-5.74375e-07
-5.54375e-07
-4.33125e-07
-3.75e-07
-2.83125e-07
2.5e-08
3.63125e-07
2.7625e-07
-7e-08
-2.18125e-07
-1.2125e-07
4.5625e-08
3.55625e-07
5.4625e-07
7.03125e-07
7.69375e-07
8.3125e-08
-4.425e-07
-6.175e-07
-8.25625e-07
-7.29375e-07
-6.16875e-07
-2.53125e-07
6.5e-08
1.35e-07
2.2875e-07
3.2125e-07
4.325e-07
2.025e-07
2.2e-07
2.375e-07
-1.3e-07
-2.375e-08
6.625e-08
8.5625e-08
1.66875e-07
8.875e-08
-6.625e-08
-3.5e-07
-5.0375e-07
-6.7625e-07
-5.54375e-07
-3.40625e-07
-2.20625e-07
3.49375e-07
6.78125e-07
7.38125e-07
5.86875e-07
-6.25e-09
-2.91875e-07
-4.675e-07
-4.76875e-07
-4.3125e-08
2.10625e-07
4.1125e-07
3.36875e-07
1.8375e-07
-3.1875e-08
-7.175e-07
-7.58125e-07
-5.0125e-07
-2.05e-07
3.93125e-07
5.51875e-07
5.5e-07
1.85625e-07
-3.31875e-07
-1.21875e-07
9.6875e-08
-8.125e-09
2.3e-07
2.2375e-07
-3.09375e-07
-3.3e-07
-1.725e-07
-2.9875e-07
-2.55e-07
-7.125e-08
4.625e-08
-6.25e-10
-6.25e-10
8.375e-08
3.44375e-07
5.54375e-07
3.1625e-07
1.975e-07
2.175e-07
2.2875e-07
1.5375e-07
-2.60625e-07
-4.875e-07
-4.6125e-07
-4.85625e-07
-5.3e-07
-2.9875e-07
1.59375e-07
1.0625e-08
-3.01875e-07
6.25e-08
5.075e-07
6.125e-07
4.0375e-07
2.2375e-07
1.70625e-07
-1.71875e-07
-3.3125e-07
-2.09375e-07
-3.03125e-07
-1.3625e-07
2.0875e-07
2.58125e-07
4.23125e-07
8e-08
-7.23125e-07
-5.5625e-07
-1.4875e-07
2.5625e-08
2.36875e-07
1.9125e-07
5.0375e-07
5.9625e-07
1.5875e-07
-1.88125e-07
-4.375e-07
-4.3e-07
-2.83125e-07
1.25e-07
2.4125e-07
2.9375e-08
-5.0625e-08
-3.9e-07
-2.80625e-07
1.1875e-08
5.875e-08
2.75625e-07
2.2875e-07
2.30625e-07
3.15e-07
1.58125e-07
2.5625e-07
3.9125e-07
-3.3125e-08
-4.9625e-07
-6.1125e-07
-7.10625e-07
-6.10625e-07
-3.04375e-07
-1.45e-07
4.3125e-08
5.9125e-07
1.41125e-06
2.65438e-06
4.77938e-06
5.81125e-06
4.5175e-06
4.4575e-06
6.1625e-06
7.9075e-06
7.73625e-06
4.14875e-06
4.0175e-06
3.78625e-06
-2.2125e-07
1.44313e-06
2.9875e-07
-6.48625e-06
-9.82875e-06
-1.04075e-05
-5.755e-06
-3.84812e-06
-8.05313e-06
-6.35125e-06
-7.04937e-06
-1.10044e-05
-6.71938e-06
-3.95438e-06
-3.29437e-06
-4.12e-06
-7.2975e-06
-4.415e-06
-3.81937e-06
-5.88813e-06
-4.69438e-06
-3.54687e-06
-7.89375e-07
3.25812e-06
7.51813e-06
8.61875e-06
4.74875e-06
3.48063e-06
4.39875e-06
2.925e-06
2.43625e-06
3.13437e-06
2.36563e-06
-2.59375e-07
-3.86188e-06
-3.60375e-06
-3.05937e-06
-6.85937e-06
-3.28188e-06
3.70313e-06
4.815e-06
3.57375e-06
9.9125e-07
3.4775e-06
3.2225e-06
2.75e-08
4.3075e-06
4.30625e-06
2.89562e-06
5.09688e-06
4.77187e-06
3.55625e-06
-1.37125e-06
-3.72375e-06
1.40375e-06
2.91562e-06
1.63125e-07
1.21688e-06
3.94688e-06
1.04187e-06
-4.57312e-06
-5.01688e-06
-1.28188e-06
4.50625e-07
-7.9e-07
-5.4375e-07
6.04375e-07
2.0625e-07
-3.26875e-07
-1.73687e-06
-3.57562e-06
-2.54562e-06
4.99375e-07
2.77875e-06
7.13125e-07
-2.38437e-06
1.28063e-06
2.76937e-06
1.75875e-06
4.56875e-06
3.49562e-06
3.21938e-06
3.35937e-06
7.19375e-07
-8.38125e-07
-3.11563e-06
-9.45e-07
-2.3e-07
-3.145e-06
-2.2975e-06
-2.01875e-06
-1.38562e-06
-4.37062e-06
-6.55875e-06
5.0625e-07
3.49375e-06
4.6625e-07
-2.02187e-06
-1.24e-06
3.1825e-06
4.16813e-06
4.23625e-06
4.0075e-06
-1.9525e-06
-3.11062e-06
3.84375e-07
-4.59062e-06
-4.52062e-06
9.29375e-07
-4.82812e-06
-5.9175e-06
-1.825e-07
-3.1075e-06
-3.97063e-06
3.86875e-07
9.01875e-07
5.93125e-07
1.07187e-06
3.2375e-06
2.26e-06
-2.03e-06
8.15e-07
1.27562e-06
-7.7625e-07
5.95875e-06
7.89437e-06
1.95687e-06
2.72937e-06
5.40937e-06
2.10187e-06
-7.35625e-07
-1.8625e-06
-1.16125e-06
2.58625e-06
3.53063e-06
9.73125e-07
-1.75688e-06
-1.68063e-06
-9.075e-07
-3.99e-06
-4.36625e-06
-2.15625e-06
-7.7e-07
-1.525e-07
-5.0675e-06
-6.88812e-06
-3.54312e-06
-2.83062e-06
8.36875e-07
3.32062e-06
1.11375e-06
2.69312e-06
4.3475e-06
2.26375e-06
1.94875e-06
1.36938e-06
-6.79375e-07
8.99375e-07
1.555e-06
1.1175e-06
1.65e-07
-5.2525e-06
-7.25875e-06
-4.10375e-06
2.125e-08
5.10625e-07
-4.8375e-07
4.35875e-06
4.13687e-06
3.44375e-07
3.95687e-06
5.13125e-06
-3.9375e-07
-1.99375e-06
1.80625e-06
-7.525e-07
-3.9375e-06
-6.85e-07
-1.81687e-06
-2.28187e-06
1.48125e-07
-1.88687e-06
-3.91938e-06
-5.25187e-06
-1.85438e-06
3.74313e-06
-5.49375e-07
-3.48187e-06
1.95813e-06
3.185e-06
1.10813e-06
3.80062e-06
5.13688e-06
2.39375e-07
-1.1475e-06
1.59e-06
-5.75e-08
-2.435e-06
-1.16313e-06
-7.1125e-07
-8.975e-07
3.275e-07
-9.73125e-07
-3.95313e-06
-4.235e-06
9.75e-07
7.32e-06
5.33875e-06
1.28375e-06
2.39938e-06
3.42187e-06
1.185e-06
-4.2975e-06
-5.6475e-06
-2.345e-06
-2.00313e-06
-6.375e-08
2.17187e-06
1.51562e-06
-1.7875e-07
-2.78625e-06
1.79875e-06
5.88375e-06
7.0375e-07
-2.11875e-06
-2.98875e-06
-4.48625e-06
-4.16875e-06
-2.1825e-06
-1.5e-07
-1.97875e-06
-1.42063e-06
1.66687e-06
2.135e-06
2.24e-06
4.1125e-06
6.2575e-06
2.995e-06
1.46625e-06
2.20375e-06
-2.41625e-06
-3.05313e-06
-1.83188e-06
-2.49187e-06
1.43125e-07
7.55e-07
1.5875e-07
-1.66437e-06
-5.31688e-06
-2.54688e-06
2.15063e-06
2.89562e-06
1.19e-06
-2.355e-06
-2.63688e-06
-5.10625e-07
-9.45625e-07
1.21688e-06
5.33438e-06
4.23437e-06
4.13313e-06
3.69062e-06
-1.01188e-06
-1.33125e-07
5.45e-07
-2.73e-06
-2.55188e-06
-2.48312e-06
-2.8775e-06
-2.41688e-06
-7.275e-07
1.6525e-06
1.8875e-06
1.32875e-06
-1.50625e-07
1.94688e-06
6.62687e-06
4.2225e-06
-4.075e-07
-1.0925e-06
-3.815e-06
-6.27687e-06
-4.5275e-06
-4.5525e-06
-5.08625e-06
-3.4325e-06
-1.07813e-06
-5.275e-07
-1.25625e-06
6.45625e-07
1.8525e-06
1.12937e-06
8.14375e-07
1.75e-06
4.9725e-06
8.0175e-06
5.2375e-06
-1.3175e-06
-3.79625e-06
-2.17625e-06
-1.0575e-06
-3.16938e-06
-1.53188e-06
3.88063e-06
3.21125e-06
8.28125e-07
2.625e-08
-7.9875e-07
-1.49375e-06
-8.2875e-07
7.4625e-07
-8.61875e-07
-9.69375e-07
1.71812e-06
3.05437e-06
3.515e-06
5.86187e-06
8.29188e-06
7.83687e-06
7.0775e-06
4.4675e-06
8.8e-07
-2.0825e-06
-4.55687e-06
-9.00938e-06
-1.24169e-05
-7.73687e-06
-5.09187e-06
-4.05438e-06
-3.04375e-07
-4.8625e-07
-9.625e-07
1.09e-06
2.92375e-06
4.06312e-06
5.30187e-06
2.8125e-06
-2.86e-06
-6.2475e-06
-6.735e-06
-4.295e-06
-1.4325e-06
-8.59375e-07
-3.52687e-06
-7.84437e-06
-6.72687e-06
-1.4375e-06
1.405e-06
5.4025e-06
8.0375e-06
4.9375e-06
2.145e-06
1.57125e-06
1.52187e-06
1.10312e-06
2.00688e-06
2.475e-06
2.32938e-06
2.005e-06
-1.955e-06
-3.47812e-06
-5.68187e-06
-6.855e-06
-1.5125e-06
-5.18125e-07
1.20625e-06
2.35e-06
3.56875e-07
2.04437e-06
4.3625e-07
1.21062e-06
3.36875e-06
1.80063e-06
3.06438e-06
2.86313e-06
-1.28438e-06
-5.25687e-06
-4.84937e-06
-4.29562e-06
-3.80313e-06
8.94375e-07
1.07562e-06
-2.72937e-06
-3.69937e-06
-2.17437e-06
-7.675e-07
4.6e-07
4.505e-06
5.46687e-06
2.25687e-06
1.455e-06
1.88313e-06
1.94438e-06
2.2925e-06
3.23812e-06
2.06875e-06
-1.57625e-06
-1.57188e-06
2.4e-07
-7.30625e-07
-2.285e-06
-1.81125e-06
5.125e-08
7.2375e-07
1.38312e-06
1.54875e-06
2.80688e-06
3.03938e-06
-2.17063e-06
-2.57375e-06
1.71625e-06
2.13313e-06
6.85625e-07
3.86875e-07
-8e-08
-3.55e-07
2.265e-06
2.52e-06
-2.9e-07
-1.13875e-06
-2.16875e-07
-1.4975e-06
-6.7375e-06
-6.99312e-06
-3.11813e-06
-3.74812e-06
-2.29125e-06
3.19125e-06
4.02375e-06
2.01562e-06
2.10687e-06
7.16875e-07
-1.09375e-07
1.36125e-06
-9.61875e-07
-2.14937e-06
1.71875e-07
-8.13125e-07
-9.8625e-07
-6.3125e-08
-1.35688e-06
2.125e-07
2.00375e-06
-1.21375e-06
-3.40562e-06
5.81875e-07
2.23687e-06
2.23687e-06
3.56188e-06
-5.85625e-07
-2.64563e-06
-8.89375e-07
1.6375e-06
4.615e-06
4.21562e-06
2.19437e-06
-2.03812e-06
-3.515e-06
-4.425e-07
-5.7625e-07
-3.12187e-06
-3.3875e-06
3.275e-07
2.61438e-06
4.80625e-07
-2.9375e-07
3.6625e-07
1.915e-06
3.5375e-06
5.04063e-06
5.02313e-06
6.35625e-07
2.1375e-07
2.15562e-06
1.39125e-06
4.09625e-06
4.09563e-06
-5.06875e-07
-6.09375e-07
-1.56937e-06
-2.81187e-06
-9.64375e-07
-1.95813e-06
-4.20375e-06
-5.71375e-06
-4.6025e-06
-4.14875e-06
-3.39937e-06
-1.66875e-07
-1.8375e-06
-1.17e-06
3.1375e-06
3.53688e-06
3.63313e-06
2.7325e-06
2.19875e-06
3.06188e-06
1.65e-06
7.25e-07
1.39063e-06
1.14687e-06
-1.61812e-06
-1.32875e-06
-2.93125e-07
-4.75063e-06
-4.73375e-06
-3.31063e-06
-6.89063e-06
-9.71563e-06
-9.23625e-06
-3.95375e-06
2.48125e-06
3.87187e-06
2.45437e-06
5.88687e-06
8.74187e-06
6.08937e-06
3.97812e-06
2.91188e-06
1.52938e-06
-2.5875e-07
1.17875e-06
2.19063e-06
-3.33937e-06
-6.94437e-06
-5.16687e-06
-3.2625e-06
-3.34812e-06
-5.28562e-06
-6.83187e-06
-3.58687e-06
3.95813e-06
8.95563e-06
9.16625e-06
9.43875e-06
1.111e-05
9.06562e-06
3.63563e-06
1.54e-06
5.6975e-06
1.05825e-05
8.28e-06
-2e-06
-1.363e-05
-2.449e-05
-3.955e-05
-5.108e-05
-5.29125e-05
-5.28406e-05
-4.72031e-05
-3.52131e-05
-2.53481e-05
-1.62256e-05
-3.50563e-06
1.74844e-05
4.32144e-05
6.05344e-05
6.64519e-05
6.4105e-05
5.2555e-05
4.0335e-05
3.70275e-05
3.113e-05
1.665e-05
2.77e-06
-4.7e-06
-3.3575e-06
2.55e-06
3.23187e-06
-5.70813e-06
-7.06125e-06
3.07625e-06
-8.875e-08
-1.57587e-05
-2.78887e-05
-2.70712e-05
-1.44212e-05
-7.06125e-06
-7.65625e-06
-1.60875e-06
1.95613e-05
3.75213e-05
3.63319e-05
2.69294e-05
1.72944e-05
7.86937e-06
-1.23406e-05
-3.92406e-05
-4.88281e-05
-4.28056e-05
-3.84731e-05
-3.78262e-05
-3.09687e-05
-1.74688e-05
4.10125e-06
2.98212e-05
3.93787e-05
3.40512e-05
3.09537e-05
3.35912e-05
3.16431e-05
1.16031e-05
-1.14769e-05
-1.47944e-05
-1.00794e-05
-7.16937e-06
-4.87937e-06
-6.88938e-06
-5.7675e-06
-5.32937e-06
-1.96894e-05
-3.33194e-05
-2.87919e-05
-1.45119e-05
-2.71187e-06
2.04313e-06
7.925e-07
-4.365e-06
1.81e-06
2.203e-05
3.294e-05
3.221e-05
2.7145e-05
1.5585e-05
3.985e-06
-4.5425e-06
-1.71525e-05
-2.78525e-05
-2.74025e-05
-2.43e-05
-2.1895e-05
-1.387e-05
-3.03e-06
2.35e-07
-4.3975e-06
-8e-06
-1.086e-05
-1.30144e-05
-7.58187e-06
7.63812e-06
2.14181e-05
2.53706e-05
2.57344e-05
2.33588e-05
1.71338e-05
1.15212e-05
7.96125e-06
6.4125e-07
-5.44625e-06
-9.17875e-06
-2.61487e-05
-3.69088e-05
-2.84062e-05
-1.98587e-05
-1.28413e-05
-3.04375e-06
1.09762e-05
1.71762e-05
1.22887e-05
7.66375e-06
4.70125e-06
7.06875e-06
8.0125e-06
5.1875e-06
6.16563e-06
1.27356e-05
2.11981e-05
1.95187e-05
9.81125e-06
3.68625e-06
-1.4125e-07
-5.49125e-06
-1.02838e-05
-1.16781e-05
-6.71562e-06
6.67438e-06
1.58394e-05
1.49375e-05
1.65731e-05
1.451e-05
8.5725e-06
7.74188e-06
5.25312e-06
1.36312e-06
-6.45938e-06
-1.66994e-05
-1.75225e-05
-1.161e-05
-7.645e-06
-7.05e-06
-8.27937e-06
-6.76063e-06
-8.55625e-07
-3.45312e-06
-1.50631e-05
-2.00881e-05
-1.87212e-05
-1.49612e-05
-1.28181e-05
-8.15063e-06
6.82937e-06
1.98994e-05
2.96344e-05
3.38344e-05
2.80594e-05
2.11469e-05
1.14719e-05
1.26938e-06
-9.06062e-06
-1.42556e-05
-1.17094e-05
-1.34319e-05
-1.34406e-05
-8.46063e-06
-5.19062e-06
-3.32562e-06
4.02437e-06
1.11319e-05
5.94187e-06
8.06875e-07
-2.04812e-06
-1.14681e-05
-1.42456e-05
-8.45625e-07
1.18844e-05
1.24637e-05
1.55113e-05
2.16013e-05
1.40112e-05
-4.87875e-06
-1.64887e-05
-1.50769e-05
-1.54619e-05
-2.12719e-05
-2.39819e-05
-2.44587e-05
-2.13388e-05
-1.31563e-05
-6.58125e-06
-2.39875e-06
7.88125e-06
1.74563e-05
1.32287e-05
8.35375e-06
1.09662e-05
9.32e-06
3.3e-07
-4.9825e-06
1.655e-06
8.1e-06
5.0575e-06
3.775e-07
2.3125e-08
7.875e-08
-2.69375e-06
1.61625e-06
7.21125e-06
2.67125e-06
3.23625e-06
8.08875e-06
6.39688e-06
1.01369e-05
1.79319e-05
1.18269e-05
-4.63125e-07
-9.55e-07
3.8475e-06
4.83312e-06
1.53063e-06
-3.26437e-06
-7.73938e-06
-1.66619e-05
-2.04669e-05
-1.53469e-05
-1.64788e-05
-2.05137e-05
-1.69012e-05
-1.36313e-05
-1.54394e-05
-1.05394e-05
2.10625e-07
5.51312e-06
7.4375e-06
1.33375e-05
2.08825e-05
1.96438e-05
1.16838e-05
6.39875e-06
5.94062e-06
5.525e-06
1.23e-06
-7.97e-06
-2.048e-05
-2.25006e-05
-9.49062e-06
8.09938e-06
1.56369e-05
1.46056e-05
2.08781e-05
2.00044e-05
7.90437e-06
-9.0625e-08
-5.87562e-06
-3.9525e-06
2.705e-06
5.24313e-06
3.60562e-06
-4.22187e-06
-8.93437e-06
-7.595e-06
-6.47812e-06
-4.6e-06
-1.225e-07
4.845e-06
2.135e-06
-5.5925e-06
-7.40625e-06
-4.47875e-06
-2.96563e-06
3.01187e-06
1.38419e-05
1.56981e-05
1.57475e-05
2.0925e-05
1.86175e-05
7.7675e-06
-2.31e-06
-7.8725e-06
-8.72813e-06
-6.18062e-06
-7.27562e-06
-8.3625e-06
-3.6025e-06
3.565e-06
9.5575e-06
5.67e-06
1.575e-07
1.815e-06
5.25e-08
-5.9375e-06
-1.078e-05
-7.45e-06
9.575e-07
5.40625e-07
-5.15437e-06
-1.60187e-06
7.05812e-06
6.83125e-06
3.88375e-06
-2.89125e-06
-1.81613e-05
-2.45762e-05
-2.09737e-05
-1.55662e-05
-7.46125e-06
-4.95563e-06
-3.23938e-06
6.16812e-06
9.15562e-06
1.04775e-05
1.694e-05
1.3975e-05
5.5325e-06
-1.725e-07
-5.13e-06
-8.9675e-06
-8.3075e-06
-7.27375e-06
-5.4675e-06
4.34e-06
1.17175e-05
1.25375e-05
9.15e-06
5.0125e-06
4.66437e-06
2.93125e-06
-3.51875e-06
-1.35988e-05
-1.31737e-05
-5.31125e-06
-1.39625e-06
6.85375e-06
1.27312e-05
1.04606e-05
8.07313e-06
7.97562e-06
5.875e-06
-6.975e-07
-1.05425e-05
-1.53225e-05
-7.7975e-06
-2.2775e-06
-1.66312e-06
-2.07938e-06
-2.92625e-06
5.01125e-06
3.08e-06
-6.7275e-06
-1.25e-06
1.82e-06
-5.1375e-06
-1.06625e-05
-1.25563e-05
-1.08044e-05
-5.87688e-06
1.29313e-06
7.44062e-06
1.04281e-05
9.35e-06
8.82063e-06
1.25556e-05
1.30213e-05
6.44375e-06
-5.23625e-06
-1.82563e-05
-2.07575e-05
-1.47325e-05
-1.1295e-05
-7.5e-06
6.75e-07
9.17e-06
8.44875e-06
4.23125e-06
5.13125e-06
3.56562e-06
2.99125e-06
1.02312e-05
1.23012e-05
2.90125e-06
1.3875e-07
1.08687e-05
2.42287e-05
2.328e-05
8.27e-06
6.8e-07
-5.88e-06
-1.24275e-05
-1.3945e-05
-2.35875e-05
-2.729e-05
-2.16825e-05
-1.65725e-05
-2.4525e-06
1.57275e-05
2.62175e-05
2.3295e-05
1.35875e-05
1.41456e-05
1.46169e-05
-2.08313e-06
-1.84131e-05
-1.921e-05
-1.46825e-05
-1.012e-05
-5.39e-06
-6.40875e-06
-1.09613e-05
-9.87125e-06
-5.69125e-06
-4.2375e-07
3.86875e-06
1.98562e-06
-2.23187e-06
-6.00437e-06
2.18562e-06
1.04206e-05
1.08813e-06
4.21062e-06
1.64506e-05
1.3935e-05
7.69e-06
8.39063e-06
1.36331e-05
4.29562e-06
-9.40438e-06
-9.8275e-06
-1.18862e-05
-1.05256e-05
-3.42063e-06
3.32688e-06
1.08994e-05
1.11581e-05
5.94062e-06
-1.13188e-06
-9.3375e-07
5.04375e-06
9.1625e-07
-1.61125e-06
4.20125e-06
6.10125e-06
-1.08375e-06
-7.12625e-06
-1.29625e-06
1.08238e-05
1.87138e-05
1.59112e-05
1.02038e-05
4.44375e-06
-4.34875e-06
-1.42313e-05
-2.27837e-05
-2.59463e-05
-2.70238e-05
-1.97937e-05
-3.84375e-06
6.84625e-06
7.03688e-06
5.80875e-06
1.55288e-05
2.02863e-05
8.36625e-06
4.48375e-06
1.20913e-05
9.6475e-06
4.1025e-06
1.86937e-06
-8.84063e-06
-2.56806e-05
-3.56581e-05
-3.14781e-05
-1.62581e-05
-5.76812e-06
-8.71062e-06
-6.79187e-06
1.96562e-06
4.83063e-06
3.99062e-06
3.77125e-06
1.30012e-05
2.04762e-05
1.48338e-05
7.07125e-06
1.26875e-06
3.02e-06
6.8375e-06
-1.9125e-06
-1.22325e-05
-1.28037e-05
-9.59375e-06
-7.73563e-06
-1.15156e-05
-1.06825e-05
-9.55e-07
5.5775e-06
8.68e-06
7.64187e-06
6.6875e-06
8.89375e-06
1.46938e-05
1.88863e-05
1.11587e-05
3.08875e-06
-2.45875e-06
-7.88125e-06
-1.41362e-05
-1.72337e-05
-7.17625e-06
-1.04875e-06
-1.6725e-06
-9.06875e-07
-9.24375e-07
6.38312e-06
1.70131e-05
2.04156e-05
1.37031e-05
7.99062e-06
1.14531e-05
9.4e-06
2.895e-06
6.76875e-07
-2.27813e-06
-6.72063e-06
-8.68375e-06
-9.61625e-06
-1.36687e-05
-1.64812e-05
-1.70113e-05
-1.15587e-05
3.68125e-06
1.57912e-05
1.82462e-05
1.11988e-05
3.86125e-06
7.53625e-06
4.96625e-06
-2.48125e-06
1.38875e-06
2.0625e-06
-2.7325e-06
-6.495e-06
-1.29325e-05
-1.82125e-05
-1.4665e-05
-6.5275e-06
-5.04e-06
-1.87e-06
7.235e-06
8.69312e-06
7.28125e-07
-1.99437e-06
8.93563e-06
1.45606e-05
5.93813e-06
-9.06875e-07
-2.8325e-06
-2.91312e-06
-3.50437e-06
-3.04625e-06
-4.38313e-06
-8.75812e-06
-6.31125e-06
-7.70187e-06
-1.27719e-05
-7.49937e-06
3.40063e-06
7.03312e-06
1.87313e-06
3.36812e-06
5.88562e-06
3.98125e-07
-5.55938e-06
-8.99688e-06
-3.40438e-06
6.54563e-06
1.05331e-05
1.094e-05
8.96188e-06
6.20438e-06
6.20937e-06
7.86438e-06
5.65937e-06
6.89375e-07
-2.55062e-06
-5.81062e-06
-9.87313e-06
-1.65756e-05
-1.77281e-05
-6.43813e-06
9.14188e-06
1.48194e-05
8.37438e-06
8.72125e-06
1.02019e-05
2.39688e-06
-9.64312e-06
-1.65706e-05
-5.19062e-06
1.00694e-05
1.73819e-05
1.35594e-05
-3.30625e-07
-7.95312e-06
-8.24688e-06
-8.935e-06
-6.84438e-06
-4.36875e-07
-2.55625e-06
-9.36625e-06
-1.24663e-05
-1.36394e-05
-5.07187e-06
2.88563e-06
3.78187e-06
6.12625e-06
1.03063e-05
1.25463e-05
5.81625e-06
3.65625e-06
1.60962e-05
1.87788e-05
7.42875e-06
6.69813e-06
1.20031e-05
6.22813e-06
-3.99188e-06
-8.09188e-06
-9.76063e-06
-1.61156e-05
-1.93956e-05
-1.42256e-05
-9.76312e-06
-9.5525e-06
-2.2725e-06
7.705e-06
7.39125e-06
1.10587e-05
1.74288e-05
1.30062e-05
9.37625e-06
1.28312e-05
1.22781e-05
-9.21875e-07
-1.63119e-05
-2.03919e-05
-1.85913e-05
-1.74375e-05
-1.0985e-05
-4.1225e-06
-4.54188e-06
9.35625e-07
7.99812e-06
2.79563e-06
-3.26687e-06
2.60313e-06
1.19631e-05
1.09269e-05
9.21312e-06
7.12937e-06
2.08187e-06
4.90625e-07
-4.64687e-06
-9.02187e-06
-1.29494e-05
-1.12888e-05
-3.79875e-06
-6.88875e-06
-7.0875e-06
-5.975e-07
-4.675e-06
-1.371e-05
-1.24538e-05
-2.47625e-06
5.37875e-06
5.0475e-06
3.475e-07
-1.66375e-06
2.1625e-07
9.21875e-06
1.89612e-05
2.03694e-05
1.981e-05
1.4135e-05
4.45e-07
-6.105e-06
-5.85875e-06
-9.58375e-06
-1.48162e-05
-1.49844e-05
-1.25406e-05
-1.2865e-05
-9.0075e-06
-1.9325e-06
2.8125e-06
6.9925e-06
9.2875e-06
9.55125e-06
1.35063e-05
2.60262e-05
2.94912e-05
1.83013e-05
8.66375e-06
-2.57625e-06
-1.29063e-05
-1.406e-05
-1.56706e-05
-1.79194e-05
-1.16194e-05
-4.96937e-06
-1.20688e-06
5.69063e-06
5.60375e-06
4.0375e-07
6.00625e-06
1.19463e-05
9.60937e-06
1.02244e-05
9.81375e-06
3.88625e-06
-4.6125e-07
-1.01875e-06
-2.4725e-06
-8.1725e-06
-1.16575e-05
-8.8575e-06
-1.37e-06
4.7475e-06
2.80812e-06
-3.77937e-06
-8.83688e-06
-5.24187e-06
3.58312e-06
8.07313e-06
7.62125e-06
-2.72875e-06
-1.51987e-05
-1.54863e-05
-8.11625e-06
-2.71625e-06
7.5125e-07
1.03237e-05
1.54863e-05
3.97625e-06
-9.07375e-06
-1.21363e-05
-8.16375e-06
-1.88375e-06
-3.1625e-07
5.0375e-07
3.9e-07
-4.77e-06
-1.97e-06
2.925e-06
3.43312e-06
6.42563e-06
1.75812e-06
-8.30688e-06
-1.11769e-05
-7.04188e-06
-1.91437e-06
1.41313e-06
2.97812e-06
4.195e-06
1.0305e-05
1.449e-05
9.8575e-06
4.475e-06
2.44625e-06
-2.04875e-06
-8.49625e-06
-1.13262e-05
-1.42438e-05
-1.61381e-05
-1.21931e-05
-4.39062e-06
4.52687e-06
1.50569e-05
2.20819e-05
1.94169e-05
1.60719e-05
1.44056e-05
7.01562e-06
-5.16438e-06
-9.52187e-06
-8.96375e-06
-1.43637e-05
-1.23925e-05
-5.68e-06
-3.5825e-06
-2.08563e-06
1.00937e-06
8.80937e-06
1.22469e-05
6.09937e-06
1.91937e-06
4.06125e-06
4.11188e-06
3.52125e-06
3.2475e-06
-1.91e-06
-5.39375e-07
7.06312e-06
9.81062e-06
1.04244e-05
8.35875e-06
3.99875e-06
-3.21875e-06
-1.35687e-05
-1.94612e-05
-1.80106e-05
-8.20562e-06
1.19937e-06
-2.59312e-06
-1.58931e-05
-2.06506e-05
-6.96062e-06
8.21937e-06
1.51944e-05
1.83769e-05
1.39544e-05
3.50437e-06
-2.54812e-06
-3.52062e-06
-4.73562e-06
-2.07812e-06
-3.00687e-06
-1.13894e-05
-1.90294e-05
-2.48894e-05
-1.57469e-05
6.02313e-06
2.15131e-05
2.66856e-05
1.88606e-05
4.94062e-06
-2.93688e-06
-3.15562e-06
-4.75063e-06
-1.15681e-05
-1.149e-05
-3.54e-06
5.2e-07
-1.58438e-06
-1.48e-06
7.955e-06
1.77675e-05
1.54444e-05
1.02169e-05
9.00187e-06
4.90938e-06
-2.55563e-06
-9.31562e-06
-1.07294e-05
-7.02687e-06
-2.67688e-06
-3.1775e-06
-3.69563e-06
-2.22688e-06
-6.77688e-06
-5.65812e-06
4.54437e-06
9.34438e-06
8.44875e-06
9.93875e-06
1.51787e-05
1.32187e-05
2.13875e-06
-7.55625e-06
-1.65037e-05
-2.05938e-05
-1.15337e-05
-2.67375e-06
-2.59375e-07
3.91813e-06
6.19125e-06
8.06125e-06
9.71875e-06
1.43375e-06
-1.22262e-05
-1.60938e-05
-3.65375e-06
7.65625e-06
3.96125e-06
3.22062e-06
8.85563e-06
5.43312e-06
-1.36437e-06
-2.1225e-06
-4.225e-07
1.98437e-06
4.155e-06
5.05e-07
-6.515e-06
-1.3655e-05
-1.30231e-05
-5.17563e-06
-8.92562e-06
-1.08581e-05
-1.20813e-06
4.35687e-06
7.46188e-06
4.04438e-06
-2.23125e-07
7.50688e-06
1.41194e-05
1.03094e-05
7.41875e-07
-2.14062e-06
2.75e-07
-2.15375e-06
-6.08375e-06
-1.25037e-05
-9.46875e-06
8.53125e-06
2.09512e-05
1.88419e-05
1.77187e-06
-1.57881e-05
-1.90031e-05
-1.25331e-05
3.56875e-07
8.71687e-06
8.17938e-06
5.22187e-06
6.46875e-07
6.15e-07
4.62e-06
3.67437e-06
-1.87313e-06
-4.70563e-06
1.44375e-07
6.21688e-06
3.65875e-06
-3.55375e-06
-7.71625e-06
-4.36125e-06
3.62125e-06
7.93125e-06
7.75563e-06
4.09812e-06
6.98125e-07
-3.83938e-06
-1.30269e-05
-1.32769e-05
-8.66875e-07
1.10431e-05
1.68606e-05
1.36731e-05
6.67812e-06
-2.96875e-07
-9.52187e-06
-1.45219e-05
-1.08519e-05
8.8125e-08
6.48313e-06
7.67813e-06
7.08e-06
4.525e-07
-4.04e-06
-8.2425e-06
-4.9675e-06
7.6625e-06
1.16425e-05
8.6475e-06
-4.65e-07
-1.2945e-05
-1.9985e-05
-1.75331e-05
-5.31312e-06
5.36688e-06
8.84938e-06
6.79938e-06
4.8525e-06
3.86e-06
-1.1725e-06
-4.8e-06
-6.03687e-06
-5.02375e-06
-4.97312e-06
-1.01931e-05
-1.08181e-05
-3.83312e-06
4.16938e-06
6.08125e-06
3.83312e-06
4.86062e-06
7.87312e-06
1.12981e-05
1.13387e-05
4.19875e-06
-1.80375e-06
-3.6325e-06
-8.9175e-06
-1.18175e-05
-5.1125e-06
6.4075e-06
1.27875e-05
7.7075e-06
1.3625e-06
-3.53125e-07
1.3625e-07
2.21687e-06
5.08438e-06
6.145e-06
-2.3825e-06
-1.17025e-05
-1.48575e-05
-1.22475e-05
1.725e-07
7.17e-06
6.2575e-06
6.70938e-06
2.16438e-06
-4.98062e-06
-5.01063e-06
-6.45625e-07
3.0125e-07
-3.49125e-06
-4.06625e-06
1.62125e-06
3.6375e-07
-4.16375e-06
-4.19063e-06
-4.36625e-06
-5.21e-06
-3.95062e-06
5.55438e-06
1.25294e-05
1.27444e-05
7.15437e-06
-4.11562e-06
-8.62563e-06
-1.20231e-05
-1.27356e-05
-7.78312e-06
-2.04313e-06
7.97688e-06
1.29419e-05
8.29438e-06
3.48437e-06
3.355e-06
1.22187e-06
8.375e-08
4.84875e-06
5.13312e-06
-1.69375e-07
-8.85437e-06
-1.14394e-05
-2.00938e-06
4.09563e-06
2.12125e-06
-2.24875e-06
-5.76375e-06
-2.96625e-06
7.44375e-06
1.63212e-05
1.53481e-05
8.22812e-06
2.83125e-07
-5.74188e-06
-9.32937e-06
-1.13844e-05
-7.59688e-06
-1.92188e-06
3.50813e-06
1.09231e-05
8.29813e-06
8.90625e-07
2.69562e-06
6.15313e-06
1.20062e-06
-7.74188e-06
-1.15244e-05
-1.07444e-05
-3.49438e-06
3.61563e-06
8.80625e-07
1.48375e-06
8.22375e-06
8.1425e-06
-8.5e-08
-8.63e-06
-1.02588e-05
-5.96125e-06
-3.1125e-07
-2.8125e-07
-4.04875e-06
-2.12e-06
-1.3025e-06
-1.61812e-06
5.05437e-06
8.06938e-06
1.93687e-06
-1.88812e-06
9.81875e-07
2.18875e-06
-3.88375e-06
-9.09125e-06
-5.40375e-06
1.5375e-07
2.37562e-06
5.73812e-06
8.84313e-06
9.13437e-06
8.90812e-06
3.78563e-06
-4.83937e-06
-1.10894e-05
-1.2295e-05
-4.795e-06
2.075e-07
1.24375e-06
7.05875e-06
1.11338e-05
1.12069e-05
5.78437e-06
-2.11812e-06
-4.92812e-06
-7.30938e-06
-8.84625e-06
-6.97875e-06
-4.77062e-06
-1.87313e-06
-6.8e-07
2.3425e-06
8.53e-06
1.06563e-05
1.09537e-05
6.87375e-06
-3.2875e-07
-6.67125e-06
-1.27187e-05
-1.33325e-05
-1.2665e-05
-1.01244e-05
-5.23437e-06
2.19313e-06
1.15756e-05
1.08187e-05
7.38625e-06
7.03563e-06
7.65625e-07
-6.28187e-06
-6.255e-06
-7.75e-08
9.2775e-06
1.23075e-05
6.965e-06
4.09e-06
1.75e-08
-8.305e-06
-1.00769e-05
-5.14688e-06
-4.0475e-06
-5.47563e-06
-5.36125e-06
-7.62438e-06
-8.15812e-06
-1.47062e-06
5.00187e-06
2.56e-06
-2.45e-07
2.29687e-06
4.6225e-06
4.95312e-06
5.2375e-06
7.71125e-06
7.18812e-06
-1.61875e-07
-1.04919e-05
-1.53594e-05
-7.00687e-06
7.52313e-06
1.20131e-05
6.77812e-06
9.83125e-07
-3.86687e-06
-3.44125e-06
2.82625e-06
4.22062e-06
-2.04938e-06
-6.29937e-06
-6.20563e-06
-1.28313e-06
1.03069e-05
1.85819e-05
1.37894e-05
4.12938e-06
-2.21563e-06
-1.18406e-05
-1.99606e-05
-1.70056e-05
-8.29063e-06
-1.82063e-06
3.45687e-06
1.10044e-05
1.69969e-05
1.52969e-05
6.51937e-06
3.76875e-07
-2.14438e-06
-5.84687e-06
-7.30938e-06
-5.74437e-06
-5.615e-06
-5.75813e-06
-4.22938e-06
-4.11562e-06
-4.005e-06
-2.38813e-06
-1.89438e-06
1.30625e-07
4.33813e-06
4.46313e-06
5.28125e-07
-3.47688e-06
-1.89125e-06
3.67875e-06
5.42687e-06
5.56125e-06
5.97062e-06
4.55062e-06
6.45625e-07
-4.25687e-06
-7.48187e-06
-5.49875e-06
9.2625e-07
4.73125e-06
3.04562e-06
-3.10938e-06
-8.61188e-06
-8.80562e-06
-6.94937e-06
-2.98188e-06
1.35813e-06
2.85875e-06
7.36375e-06
8.84187e-06
5.14688e-06
4.16562e-06
1.90625e-06
1.66437e-06
2.32063e-06
-4.29375e-07
-2.64375e-07
2.87312e-06
4.44563e-06
1.43562e-06
-3.47438e-06
-7.02187e-06
-7.39813e-06
-7.99687e-06
-7.4375e-06
-8.425e-07
5.43125e-07
-5.10188e-06
-5.52375e-06
2.96125e-06
9.26625e-06
5.95375e-06
3.53562e-06
4.65812e-06
4.79688e-06
6.96625e-06
1.02138e-05
1.167e-05
1.21662e-05
6.93375e-06
-6.59625e-06
-1.75662e-05
-1.71663e-05
-9.67125e-06
-4.59375e-06
-5.57063e-06
-9.19563e-06
-9.84125e-06
-5.51125e-06
3.9375e-07
8.12625e-06
1.49612e-05
1.45694e-05
1.04319e-05
8.06375e-06
9.58125e-06
8.26875e-06
1.72625e-06
-2.27375e-06
-8.16375e-06
-1.60763e-05
-2.10813e-05
-2.265e-05
-1.661e-05
-5.51e-06
4.075e-06
1.17275e-05
1.6925e-05
1.134e-05
8.9e-07
-1.7525e-06
-3.8225e-06
-6.43e-06
-4.55375e-06
1.07625e-06
1.00213e-05
1.1675e-05
7.3425e-06
6.3975e-06
2.1025e-06
-1.8075e-06
-5.675e-06
-1.28475e-05
-1.1395e-05
-2.32e-06
7.455e-06
8.74812e-06
3.44063e-06
3.89937e-06
3.55562e-06
2.42e-06
4.91375e-06
2.425e-06
-2.8975e-06
-4.05312e-06
-4.3875e-06
-4.97875e-06
-3.08375e-06
-2.9875e-07
1.94625e-06
3.0225e-06
8e-08
-4.8975e-06
-6.79875e-06
-3.58625e-06
1.19625e-06
1.63563e-06
2.2625e-06
4.88e-06
3.34875e-06
3.4125e-07
-1.89625e-06
-3.60125e-06
-1.475e-06
2.705e-06
4.34e-06
4.19937e-06
1.80562e-06
-5.49937e-06
-1.22594e-05
-1.2655e-05
-9.6975e-06
-5.045e-06
1.1e-07
-4.09375e-07
-7.11875e-07
5.98562e-06
1.15081e-05
1.3935e-05
1.454e-05
1.03125e-05
1.9025e-06
-5.5375e-06
-7.38688e-06
-5.82812e-06
-4.49688e-06
-4.28375e-06
-3.72687e-06
-3.52687e-06
-5.205e-06
-7.2275e-06
-7.03312e-06
-3.48063e-06
-1.74125e-06
-2.43625e-06
8.2375e-07
5.74375e-06
9.46125e-06
1.23863e-05
1.10088e-05
8.61687e-06
6.8925e-06
3.595e-06
1.60438e-06
1.56875e-07
-1.34937e-06
-2.42188e-06
-4.86062e-06
-8.97813e-06
-1.27556e-05
-1.47012e-05
-1.26325e-05
-4.795e-06
4.8825e-06
1.00375e-05
9.04312e-06
9.16438e-06
1.33219e-05
1.40306e-05
6.68563e-06
4.93125e-07
8e-08
-4.2525e-06
-1.06225e-05
-1.56875e-05
-1.79356e-05
-1.06431e-05
1.32688e-06
8.37937e-06
7.39187e-06
1.74688e-06
-2.11063e-06
-2.16438e-06
6.83125e-07
5.22812e-06
5.4575e-06
3.475e-07
-2.01125e-06
3.06125e-06
7.39875e-06
4.27375e-06
2.36437e-06
4.70375e-06
6.82437e-06
4.915e-06
-1.725e-06
-8.905e-06
-1.246e-05
-6.6625e-06
-7.85e-07
-1.97312e-06
2.05625e-07
3.2375e-07
-4.57375e-06
-2.82187e-06
3.25063e-06
9.18812e-06
1.17206e-05
5.86812e-06
7.45625e-07
-7.375e-07
-3.87e-06
-3.2825e-06
-1.015e-06
-2.53125e-06
-3.62e-06
-4.22312e-06
-6.12688e-06
-6.73688e-06
-5.87312e-06
-3.27063e-06
-5.53125e-07
-9.6875e-08
-1.48688e-06
-3.145e-06
1.09e-06
6.41e-06
7.24875e-06
1.01138e-05
1.53262e-05
1.53612e-05
6.96125e-06
-2.55125e-06
-9.68625e-06
-1.20431e-05
-8.69312e-06
-6.7775e-06
-7.34e-06
-6.3075e-06
-3.97125e-06
-2.84e-06
5.65e-07
3.905e-06
4.46813e-06
6.94812e-06
8.56063e-06
7.61313e-06
4.09563e-06
5.3125e-08
-1.02e-06
-2.94313e-06
-5.88813e-06
-7.28187e-06
-7.37312e-06
-7.73e-06
-5.58188e-06
6.03125e-07
2.02437e-06
-1.075e-07
9.7625e-07
3.08938e-06
4.54875e-06
4.45875e-06
3.50687e-06
3.53375e-06
2.54438e-06
5.58125e-07
1.64312e-06
2.24625e-06
-2.89375e-07
-8.25e-07
-1.61937e-06
-4.27937e-06
-4.60938e-06
-3.86437e-06
-2.70375e-06
-5.5375e-07
3.24375e-07
-2.21437e-06
-7.40187e-06
-6.98563e-06
1.75438e-06
8.28438e-06
7.90187e-06
7.10375e-06
6.84312e-06
3.24062e-06
-1.42687e-06
-2.83312e-06
-1.64125e-06
-2.9175e-06
-5.9375e-06
-6.99813e-06
-5.47e-06
-3.90813e-06
-4.37125e-06
-2.37e-06
1.3925e-06
4.1875e-06
7.0025e-06
8.8025e-06
1.02713e-05
8.18e-06
8.275e-07
-3.76e-06
-2.585e-06
7.65e-07
4.7275e-06
7.985e-06
7.3575e-06
4.105e-06
2.745e-06
7.34375e-07
-3.30062e-06
-6.63563e-06
-8.69563e-06
-9.0475e-06
-7.44125e-06
-4.42125e-06
-3.865e-06
-4.4725e-06
-6.925e-07
1.75312e-06
3.01875e-07
8.3125e-08
5.9375e-07
1.98125e-06
4.05438e-06
5.1075e-06
4.71e-06
3.49375e-06
2.50125e-06
-1.06125e-06
-6.56625e-06
-8.31562e-06
-5.51062e-06
-1.71313e-06
1.91437e-06
4.79187e-06
3.53562e-06
-1.35437e-06
-3.50937e-06
4.65625e-07
4.22062e-06
4.33125e-06
5.55125e-06
6.50187e-06
4.92937e-06
4.40875e-06
4.64187e-06
1.25437e-06
-3.18812e-06
-8.68313e-06
-1.53281e-05
-1.57369e-05
-1.25744e-05
-8.53937e-06
-3.25688e-06
1.31313e-06
5.59313e-06
7.36438e-06
7.415e-06
8.82688e-06
1.11475e-05
9.53875e-06
2.91125e-06
-2.5125e-07
2.53625e-06
3.6325e-06
-2.825e-07
-4.3275e-06
-6.47063e-06
-9.46812e-06
-1.34031e-05
-1.36931e-05
-6.52813e-06
3.75188e-06
1.00294e-05
9.5775e-06
4.4325e-06
-1.075e-07
-8.04375e-07
1.43375e-06
3.44938e-06
3.93437e-06
4.75188e-06
3.6125e-06
-1.7175e-06
-5.8875e-06
-7.45e-06
-8.40625e-06
-6.18062e-06
-2.36563e-06
6.4375e-08
1.68625e-06
2.58125e-06
3.54062e-06
3.37437e-06
1.88313e-06
1.2375e-07
-2.0225e-06
-2.945e-06
-3.23187e-06
-2.85437e-06
-1.5425e-06
-8.30625e-07
1.43562e-06
4.40063e-06
3.8575e-06
2.99875e-06
4.01563e-06
2.08187e-06
-6.20625e-07
6.08125e-07
2.845e-06
2.60125e-06
9.5e-07
1.26437e-06
5.3375e-07
-4.02875e-06
-7.88625e-06
-7.37312e-06
-1.55812e-06
4.22687e-06
3.86437e-06
-1.70625e-07
-4.25813e-06
-6.31562e-06
-3.34312e-06
3.08938e-06
6.66438e-06
4.65812e-06
6.60625e-07
-7.55625e-07
2.31438e-06
7.71437e-06
1.00631e-05
6.80312e-06
1.40063e-06
-3.34937e-06
-6.67687e-06
-7.77375e-06
-9.07562e-06
-1.01581e-05
-8.29063e-06
-4.81562e-06
-1.55812e-06
1.24687e-06
3.79375e-06
4.825e-06
3.93125e-06
4.45e-06
6.965e-06
7.03688e-06
4.43438e-06
2.11562e-06
1.43e-06
-2.4125e-07
-4.97625e-06
-8.49875e-06
-9.21937e-06
-5.63687e-06
6.80625e-07
3.47062e-06
4.56812e-06
6.29625e-06
7.10875e-06
5.52375e-06
1.04875e-06
-2.62875e-06
-2.48e-06
-1.30188e-06
-2.04313e-06
-1.50875e-06
-2.125e-07
-3.3975e-06
-5.34687e-06
-1.54687e-06
2.57312e-06
2.84187e-06
-5.18125e-07
-3.08312e-06
-5.41062e-06
-5.83625e-06
-1.89375e-06
1.01125e-06
3.73375e-06
5.76562e-06
4.6325e-06
4.1475e-06
5.47438e-06
5.2975e-06
1.67e-06
-2.48e-06
-6.41e-06
-9.8475e-06
-9.45062e-06
-5.66813e-06
-8.85625e-07
2.37938e-06
2.54e-06
2.34625e-06
3.72187e-06
4.31438e-06
2.00375e-06
-1.46125e-06
-3.85813e-06
-4.59188e-06
-3.32062e-06
-2.16188e-06
5.60625e-07
5.27312e-06
5.66125e-06
3.11937e-06
7.9875e-07
-2.03375e-06
-3.7075e-06
-5.06875e-06
-5.93313e-06
-2.59312e-06
1.19187e-06
4.80625e-07
-8.61875e-07
4.65625e-07
3.61563e-06
4.39938e-06
1.26687e-06
1.54063e-06
6.45313e-06
9.72812e-06
9.54875e-06
5.36625e-06
-1.69625e-06
-7.54125e-06
-9.1125e-06
-7.0975e-06
-2.17e-06
1.755e-06
-7.2625e-07
-3.45625e-06
-2.5125e-06
1.0325e-06
4.8125e-06
4.02812e-06
1.0625e-08
-4.36437e-06
-3.97563e-06
-2.38563e-06
-7.75e-07
6.6425e-06
9.735e-06
7.735e-06
5.56e-06
2.265e-06
7.55e-07
-1.8925e-06
-4.5775e-06
-5.675e-06
-6.67563e-06
-6.95375e-06
-7.95875e-06
-6.435e-06
-2.525e-06
-1.6725e-06
-3.24375e-07
3.86813e-06
8.16812e-06
1.12231e-05
1.07862e-05
7.47e-06
2.7025e-06
-4.125e-07
-2.88063e-06
-7.02063e-06
-6.20687e-06
-3.41687e-06
-4.79063e-06
-6.4525e-06
-6.1625e-06
-3.39e-06
2.065e-06
5.84e-06
3.40875e-06
-1.30875e-06
-3.24125e-06
-1.8175e-06
9.725e-07
1.42063e-06
1.105e-06
1.885e-06
2.41625e-06
4.35812e-06
5.43125e-06
2.42875e-06
-8.5125e-07
-4.79625e-06
-7.72125e-06
-5.72438e-06
-3.80875e-06
-1.82625e-06
-3.25e-07
-1.35125e-06
1.875e-09
2.55437e-06
2.59e-06
8.89375e-07
2.59375e-07
4.68125e-07
1.26562e-06
3.08562e-06
2.92e-06
1.27e-06
-6.25e-08
-8.94375e-07
-1.58313e-06
-2.5925e-06
-3.39187e-06
-3.70187e-06
-3.23062e-06
6.4375e-08
4.54937e-06
4.22312e-06
1.98063e-06
1.56562e-06
3.56875e-07
-8.225e-07
-5.5625e-07
8.16875e-07
1.15313e-06
-3.125e-08
-2.22812e-06
-4.775e-06
-2.215e-06
1.4225e-06
2.45125e-06
5.57125e-06
7.18125e-06
5.70312e-06
1.25312e-06
-4.05937e-06
-4.42625e-06
-2.29625e-06
-6.625e-07
-2.0625e-07
-8.40625e-07
-9.8625e-07
-4.49375e-07
1.54375e-07
1.2425e-06
3.06937e-06
4.30313e-06
5.905e-06
5.88062e-06
2.12813e-06
-1.27687e-06
-2.12875e-06
-1.16812e-06
-1.7575e-06
-3.63813e-06
-2.4875e-06
-3.1e-07
5.9375e-08
-1.79813e-06
-5.05812e-06
-5.52312e-06
-3.835e-06
-4.08875e-06
-4.42375e-06
-9.5875e-07
3.98125e-06
5.52937e-06
4.14563e-06
1.55313e-06
2.02563e-06
4.68062e-06
3.09437e-06
1.79312e-06
1.63e-06
-2.315e-06
-6.4525e-06
-7.18062e-06
-6.60875e-06
-6.38125e-06
-4.04313e-06
-2.48125e-07
2.25937e-06
2.66937e-06
2.02875e-06
4.08375e-06
7.17625e-06
6.43312e-06
2.81313e-06
1.05625e-07
-2.1875e-07
2.83125e-07
-1.51688e-06
-5.36688e-06
-6.43688e-06
-2.61438e-06
4.30625e-07
-1.85438e-06
-6.21437e-06
-7.75375e-06
-4.32625e-06
4.375e-08
4.64875e-06
1.07087e-05
1.23063e-05
8.93875e-06
4.12875e-06
3.5125e-07
-2.63375e-06
-5.50375e-06
-6.07563e-06
-5.14875e-06
-2.47125e-06
-2.4375e-06
-6.035e-06
-3.76937e-06
2.28063e-06
4.23063e-06
3.13312e-06
3.65813e-06
6.32562e-06
6.845e-06
4.915e-06
2.95938e-06
1.41875e-07
-1.76563e-06
-7.15625e-07
1.35e-07
-1.23938e-06
-4.18438e-06
-5.26187e-06
-3.96625e-06
-3.88063e-06
-3.04625e-06
-2.79937e-06
-3.165e-06
-6.1125e-07
1.1875e-06
3.5375e-06
7.1675e-06
9.04375e-06
8.28188e-06
3.07687e-06
-2.07562e-06
-4.37125e-06
-4.82e-06
-3.06312e-06
-2.28187e-06
-3.3e-06
-4.425e-06
-3.09813e-06
-1.08813e-06
-2.19563e-06
-2.605e-06
-3.02375e-06
-3.28813e-06
-3.38125e-07
2.97438e-06
6.61937e-06
9.52437e-06
1.0335e-05
1.00463e-05
7.62312e-06
4.49563e-06
1.74563e-06
-2.74937e-06
-7.95688e-06
-1.09844e-05
-1.17106e-05
-8.63813e-06
-2.76562e-06
-2.2625e-07
-9.3625e-07
-1.33187e-06
-1.44812e-06
-1.00188e-06
9.7375e-07
4.85875e-06
9.32375e-06
1.09063e-05
7.97375e-06
3.71375e-06
6.6125e-07
-2.78125e-06
-5.73875e-06
-6.11125e-06
-3.53625e-06
-7.1125e-07
-1.64125e-06
-3.59938e-06
-5.69875e-06
-8.135e-06
-4.9325e-06
2.2075e-06
5.665e-06
4.95062e-06
2.32563e-06
-1.59438e-06
-2.74375e-06
5.6875e-07
3.27375e-06
4.97875e-06
6.515e-06
5.41313e-06
1.95313e-06
-1.71687e-06
-2.9475e-06
-2.1625e-06
-5.81875e-07
1.2075e-06
1.24625e-06
9.61875e-07
1.41875e-06
-1.11375e-06
-5.01375e-06
-4.99438e-06
-3.15438e-06
-3.36875e-07
2.76062e-06
2.62937e-06
1.01125e-06
3.0375e-07
1.98437e-06
3.30813e-06
-1.81875e-07
-4.60187e-06
-4.69e-06
-3.03187e-06
-3.33e-06
-2.74188e-06
-2.215e-06
-3.2325e-06
-7.14375e-07
2.29813e-06
1.87062e-06
2.89375e-07
-7.6375e-07
4.0375e-07
1.4625e-06
1.075e-06
-1.65625e-07
-6.31875e-07
1.19187e-06
1.62875e-06
1.77688e-06
2.61188e-06
1.12625e-06
5.65e-07
3.19e-06
5.67e-06
4.65125e-06
9.4375e-07
-1.41063e-06
-2.01312e-06
-2.25625e-06
-1.87e-06
-2.90625e-07
2.68188e-06
4.06312e-06
2.96125e-06
2.33062e-06
1.61062e-06
-2.28125e-07
-3.76563e-06
-9.09812e-06
-1.23006e-05
-1.0565e-05
-3.3025e-06
5.97e-06
1.0065e-05
9.59e-06
8.05063e-06
5.24313e-06
1.91813e-06
-1.71188e-06
-4.79187e-06
-6.69937e-06
-8.68938e-06
-1.08331e-05
-1.08444e-05
-6.25437e-06
5.50625e-07
4.91312e-06
5.0275e-06
3.18687e-06
3.07813e-06
2.85e-06
1.88e-06
3.44687e-06
4.50813e-06
3.56687e-06
2.89562e-06
2.8775e-06
1.88937e-06
-2.85312e-06
-7.17313e-06
-7.01125e-06
-4.21625e-06
-1.94625e-06
-2.65688e-06
-3.26563e-06
-1.35312e-06
1.30687e-06
4.10688e-06
6.27625e-06
6.86937e-06
5.44e-06
3.04812e-06
2e-06
1.22375e-06
2.5e-08
-2e-06
-6.4975e-06
-9.7625e-06
-1.01956e-05
-1.11531e-05
-9.22438e-06
-4.26875e-07
8.54062e-06
1.04963e-05
8.76938e-06
8.495e-06
7.82062e-06
5.56875e-06
3.22563e-06
-4.59375e-07
-4.80937e-06
-6.95813e-06
-7.45625e-06
-6.26e-06
-1.85e-06
1.445e-06
6.675e-07
-1.62438e-06
-2.40875e-06
9.9875e-07
4.80125e-06
5.22125e-06
4.59375e-06
4.61438e-06
3.64312e-06
3.50625e-07
-1.77187e-06
-1.04187e-06
8.25e-07
2.04687e-06
1.9575e-06
1.59313e-06
-6.375e-07
-3.6475e-06
-4.5375e-06
-3.50687e-06
-5.19375e-07
1.7825e-06
1.5875e-06
6.3875e-07
4.2e-07
6.69375e-07
-6.375e-07
-1.03438e-06
7.0125e-07
5.425e-07
-2.4925e-06
-6.5375e-06
-7.07312e-06
-4.04062e-06
-7.43125e-07
3.04438e-06
5.57625e-06
5.3875e-06
2.6025e-06
1.3025e-06
1.34937e-06
-2.19563e-06
-3.61625e-06
-1.735e-06
-1.30125e-06
-1.77875e-06
-2.0775e-06
-1.05e-07
1.92562e-06
1.5625e-06
-1.69375e-07
-1.78437e-06
-1.11562e-06
1.50625e-07
4.4375e-07
9.61875e-07
1.41375e-06
5.7375e-07
8.96875e-07
2.855e-06
3.05625e-06
3.46313e-06
3.56813e-06
2.50188e-06
3.15438e-06
1.97937e-06
-1.82812e-06
-4.80813e-06
-6.4575e-06
-7.42188e-06
-8.97687e-06
-7.955e-06
-3.5875e-06
-2.725e-07
7.80625e-07
5.675e-07
1.38063e-06
2.76562e-06
3.11188e-06
2.07938e-06
1.46875e-07
-7.725e-07
-1.57875e-06
-5.85e-07
2.14e-06
1.26313e-06
-1.19937e-06
-1.8625e-07
2.95875e-06
3.23875e-06
7.41875e-07
-2.71875e-07
3.9e-07
1.8e-07
-7.25e-07
-1.24e-06
-2.34563e-06
-1.43e-06
1.16e-06
1.47187e-06
2.2125e-06
4.06563e-06
4.23937e-06
2.76375e-06
8.7875e-07
6.65625e-07
8.4625e-07
-7.8375e-07
-1.9525e-06
-2.89937e-06
-3.6375e-06
-1.52625e-06
-1.43125e-07
-9.23125e-07
-1.075e-06
-2.0975e-06
-1.66562e-06
1.37688e-06
3.175e-06
3.02375e-06
1.54437e-06
1.0825e-06
6.28125e-07
-3.3e-07
2.38125e-07
-1.15e-07
-2.19375e-06
-4.08e-06
-5.17375e-06
-5.11562e-06
-1.47563e-06
3.14938e-06
5.4075e-06
5.66062e-06
2.86e-06
8.85e-07
1.54812e-06
1.21062e-06
-2.16438e-06
-4.4775e-06
-1.62e-06
2.0625e-06
5.2775e-06
6.02313e-06
2.10813e-06
-1.41687e-06
-3.18938e-06
-3.135e-06
-2.06187e-06
-2.20188e-06
-2.09375e-07
1.88563e-06
-1.70188e-06
-5.73937e-06
-7.5275e-06
-8.76187e-06
-5.54437e-06
5.78125e-07
5.39063e-06
7.05938e-06
5.11437e-06
2.24938e-06
-2.80625e-07
-1.265e-06
-2.75625e-07
1.46625e-06
2.9625e-06
2.88187e-06
1.50625e-06
-5.30625e-07
-2.41625e-06
-2.79125e-06
-2.44062e-06
-2.25687e-06
-1.585e-06
2.99375e-07
2.27687e-06
1.665e-06
1.0375e-07
5.825e-07
2.335e-06
3.845e-06
4.46813e-06
4.97562e-06
4.995e-06
3.02375e-06
-4.9125e-07
-3.43875e-06
-4.54437e-06
-4.94375e-06
-4.97375e-06
-4.19937e-06
-3.97187e-06
-3.9175e-06
-3.02875e-06
-2.5525e-06
-1.37875e-06
5.525e-07
9.825e-07
2.59937e-06
5.85938e-06
7.39625e-06
8.055e-06
7.58312e-06
4.87063e-06
1.78062e-06
-2.63188e-06
-7.14187e-06
-6.98375e-06
-4.19125e-06
-2.15562e-06
-1.47312e-06
-3.51312e-06
-5.84625e-06
-3.99125e-06
-1.55437e-06
-1.56625e-06
9.6875e-07
3.57125e-06
3.0875e-06
2.52625e-06
2.2875e-06
2.71688e-06
3.78813e-06
3.98562e-06
1.55687e-06
-2.14062e-06
-5.11813e-06
-5.94687e-06
-3.43813e-06
-1.015e-06
-8.45625e-07
2.2875e-07
2.635e-06
3.28625e-06
2.47687e-06
1.92375e-06
2.08875e-06
1.1625e-07
-2.46125e-06
-1.33125e-06
2.15625e-07
1.27625e-06
7.5625e-07
-2.20375e-06
-3.14187e-06
-2.46562e-06
-1.53625e-06
2.60625e-07
1.58062e-06
1.85438e-06
8.36875e-07
-4.16875e-07
-4.40625e-07
2.4e-07
2.01625e-06
2.8425e-06
2.3e-07
-2.8225e-06
-3.79062e-06
-2.37688e-06
7.78125e-07
2.05625e-06
1.3875e-07
-2.47125e-06
-2.99063e-06
-1.51688e-06
-6.76875e-07
7.1e-07
2.69437e-06
4.25438e-06
4.68875e-06
1.42625e-06
-1.22875e-06
-5.21875e-07
-5.5875e-07
-1.72e-06
-2.04563e-06
-1.51938e-06
-1.09e-06
7.25625e-07
2.98312e-06
1.925e-06
-2.125e-07
-1.09125e-06
-1.09875e-06
-9.9375e-08
9.20625e-07
2.05562e-06
2.69625e-06
-2.5625e-07
-6.08375e-06
-9.12375e-06
-6.36125e-06
6.1875e-07
6.39125e-06
7.70375e-06
7.36375e-06
7.18562e-06
6.98937e-06
3.68938e-06
-1.49062e-06
-3.87125e-06
-5.44625e-06
-5.71375e-06
-4.15188e-06
-3.99437e-06
-4.74125e-06
-4.58937e-06
-4.8325e-06
-5.03812e-06
-1.93062e-06
1.41437e-06
3.69188e-06
7.11688e-06
8.25875e-06
5.93187e-06
2.78688e-06
1.76438e-06
3.05063e-06
3.51875e-06
3.01e-06
2.79625e-06
1.28125e-06
-3.10125e-06
-8.44625e-06
-1.13488e-05
-9.78625e-06
-4.50125e-06
6.8625e-07
1.33563e-06
-6.8875e-07
-3.64375e-07
1.20312e-06
2.4025e-06
3.4425e-06
4.19312e-06
5.14875e-06
5.34438e-06
4.04687e-06
1.46438e-06
-1.69562e-06
-4.93313e-06
-6.13813e-06
-3.58687e-06
-2.07625e-06
-2.77063e-06
-3.06125e-06
-3.1825e-06
-9.3e-07
2.2e-06
3.6775e-06
4.58188e-06
4.04125e-06
3.07313e-06
1.365e-06
-1.6525e-06
-3.03625e-06
-2.26375e-06
-5.46875e-07
8.28125e-07
2.64687e-06
2.58125e-06
-1.62375e-06
-4.40375e-06
-3.92625e-06
-1.77187e-06
2.4375e-07
-3.31875e-07
-1.69687e-06
-3.4875e-07
2.65875e-06
2.47563e-06
8.43125e-07
9.55e-07
8.4e-07
-2.4875e-07
-1.25437e-06
-2.46875e-07
1.6175e-06
2.8675e-06
3.52375e-06
1.3325e-06
-1.9775e-06
-3.74187e-06
-3.93625e-06
-3.0675e-06
-1.68e-06
1.5e-06
3.64438e-06
3.0475e-06
2.5475e-06
1.12687e-06
-9.8875e-07
-1.52125e-06
-1.16188e-06
-1.15e-06
-1.58625e-06
-1.4e-06
-6.48125e-07
5.0375e-07
2.08125e-06
2.54125e-06
2.97875e-06
3.41062e-06
2.89188e-06
1.69375e-06
-1.69375e-06
-3.6725e-06
-2.94563e-06
-3.34562e-06
-3.65875e-06
-3.71937e-06
-3.39312e-06
-2.08563e-06
-7.99375e-07
1.4925e-06
2.36875e-06
2.22812e-06
4.25625e-06
4.70187e-06
2.38813e-06
-4.31875e-07
-2.40125e-06
-1.44438e-06
3.19375e-07
-9.43125e-07
-3.22437e-06
-3.50937e-06
-3.63875e-06
-3.44875e-06
-2.89062e-06
-2.86625e-06
-5.1e-07
2.855e-06
5.435e-06
7.67687e-06
7.41812e-06
4.89188e-06
2.63188e-06
1.06187e-06
2.26875e-07
-1.9625e-07
-2.21563e-06
-4.36563e-06
-5.46938e-06
-6.44875e-06
-5.10188e-06
-8.49375e-07
2.48062e-06
1.44937e-06
-2.14813e-06
-4.4925e-06
-3.07625e-06
3.4625e-07
2.71562e-06
5.39812e-06
6.78625e-06
5.98438e-06
5.10813e-06
3.79625e-06
3.0225e-06
1.08187e-06
-3.50563e-06
-7.20312e-06
-8.59437e-06
-6.91875e-06
-3.96125e-06
-2.975e-06
-2.235e-06
-1.335e-06
6.2375e-07
4.27375e-06
6.65937e-06
7.30188e-06
5.18625e-06
2.52875e-06
1.45687e-06
-1.95813e-06
-4.97562e-06
-3.43813e-06
8.51875e-07
5.07938e-06
5.50813e-06
1.74812e-06
-1.36688e-06
-1.51875e-06
-2.105e-06
-3.95187e-06
-5.12563e-06
-5.3175e-06
-4.69812e-06
-3.36062e-06
-2.78125e-07
3.25688e-06
6.28938e-06
8.48125e-06
7.94125e-06
5.88437e-06
3.04688e-06
-1.43125e-07
-2.87813e-06
-4.37937e-06
-4.70063e-06
-5.87063e-06
-5.78937e-06
-3.38812e-06
-1.1325e-06
8.19375e-07
1.06125e-06
-6.20625e-07
-5.725e-07
1.09312e-06
1.4725e-06
-2.46875e-07
-1.39562e-06
4.2e-07
2.96875e-06
4.57437e-06
4.4975e-06
3.61812e-06
2.77625e-06
8.84375e-07
-1.14e-06
-4.3675e-06
-7.31e-06
-7.93312e-06
-7.87438e-06
-4.95938e-06
5.53125e-07
4.19812e-06
4.33437e-06
3.59063e-06
4.22312e-06
4.84125e-06
4.495e-06
3.72812e-06
2.35688e-06
1.80625e-07
-2.25563e-06
-4.67312e-06
-5.39875e-06
-4.24625e-06
-3.615e-06
-4.28125e-06
-4.68562e-06
-2.04812e-06
1.20688e-06
1.49875e-06
1.36813e-06
1.26437e-06
6.7375e-07
1.11812e-06
1.49375e-06
1.97188e-06
3.64562e-06
5.39375e-06
5.46313e-06
3.19688e-06
-4.18125e-07
-2.44875e-06
-2.11e-06
-2.6175e-06
-2.90125e-06
-3.1375e-06
-4.155e-06
-3.65937e-06
-2.82875e-06
-7.5e-07
1.6925e-06
1.97875e-06
1.57937e-06
1.87e-06
2.98563e-06
2.97312e-06
1.62125e-06
1.79375e-07
-1.1875e-06
-1.46438e-06
-6.3375e-07
6.14375e-07
7.15e-07
-3.25625e-07
4.80625e-07
8.00625e-07
-2.86875e-07
-2.26875e-07
-1.35187e-06
-1.94812e-06
-5.3125e-07
-2.1875e-08
-5.0125e-07
-8.71875e-07
3.875e-07
1.34312e-06
1.1225e-06
1.92812e-06
2.4625e-06
1.54687e-06
-3.3125e-07
-1.84812e-06
-2.71688e-06
-2.6425e-06
-5.89375e-07
1.99563e-06
4.21813e-06
4.40063e-06
7.88125e-07
-2.88938e-06
-3.47125e-06
-3.2275e-06
-3.33937e-06
-2.34625e-06
-1.3875e-06
-2.35125e-06
-3.21e-06
-1.53125e-06
1.90625e-06
5.03125e-06
5.81e-06
5.08187e-06
5.205e-06
5.2525e-06
3.91562e-06
9.68125e-07
-2.95438e-06
-5.44375e-06
-6.2775e-06
-5.70813e-06
-3.31063e-06
-1.29062e-06
-1.095e-06
-1.97375e-06
-1.07813e-06
1.025e-06
1.34062e-06
1.85375e-06
3.89437e-06
6.39125e-06
6.83813e-06
4.73375e-06
2.06125e-06
6.3125e-08
-6e-07
-1.21437e-06
-2.40875e-06
-4.80937e-06
-6.94563e-06
-6.80438e-06
-4.84625e-06
-1.86375e-06
-3.81875e-07
1.725e-07
1.945e-06
3.38562e-06
3.59938e-06
3.70375e-06
3.6725e-06
2.3325e-06
-3.5e-07
-2.21375e-06
-1.54687e-06
-1.775e-07
6.225e-07
6.725e-07
-7.575e-07
-2.28875e-06
-3.24687e-06
-3.33875e-06
-2.225e-06
-1.63563e-06
-2.27875e-06
-2.85062e-06
-8.125e-07
3.0175e-06
5.075e-06
5.03562e-06
3.195e-06
7.26875e-07
7.1e-07
2.24063e-06
1.19125e-06
-1.95875e-06
-3.045e-06
-1.23187e-06
-3.125e-08
-4.675e-07
-8.59375e-07
-2.3825e-06
-3.42375e-06
-1.94125e-06
-5.00625e-07
7.2625e-07
2.77313e-06
3.235e-06
9.6375e-07
-6.4875e-07
-7.975e-07
-6.00625e-07
8.36875e-07
1.45062e-06
1.69875e-06
2.94813e-06
1.71e-06
-4.80625e-07
-1.28625e-06
-1.68625e-06
-1.66813e-06
-2.34875e-06
-1.94e-06
-6.1625e-07
-1.03875e-06
-7.525e-07
1.17187e-06
3.2625e-06
3.93375e-06
2.60313e-06
1.38063e-06
8.0375e-07
-3.2e-07
-2.25937e-06
-4.60812e-06
-6.53062e-06
-5.23062e-06
-1.21062e-06
1.3375e-06
2.04563e-06
2.60875e-06
3.47312e-06
2.93875e-06
1.06e-06
-2.675e-07
-1.00812e-06
-1.6e-07
1.66938e-06
2.61062e-06
2.61625e-06
2.11312e-06
8.10625e-07
-9.31875e-07
-4.1125e-07
2.94375e-07
-7.96875e-07
-1.94e-06
-3.63687e-06
-4.4925e-06
-4.97875e-06
-4.46313e-06
-7.83125e-07
2.27188e-06
2.39812e-06
1.07062e-06
5.75e-08
-3.6875e-08
2.4875e-07
2.19375e-07
-1.4375e-08
1.00937e-06
3.34438e-06
4.07688e-06
2.19313e-06
6.14375e-07
-4.525e-07
-1.3725e-06
-5.575e-07
-1.775e-07
-2.05625e-06
-3.20625e-06
-1.93875e-06
-3.8875e-07
-8.38125e-07
-2.69562e-06
-3.38938e-06
-2.02437e-06
2.975e-07
1.92e-06
2.43063e-06
2.35188e-06
1.90875e-06
1.39437e-06
1.14375e-06
1.49625e-06
1.955e-06
2.06125e-06
9.20625e-07
-1.26063e-06
-2.61688e-06
-3.13687e-06
-3.36312e-06
-3.81625e-06
-3.25688e-06
-4.04375e-07
2.14188e-06
2.10937e-06
8.21875e-07
1.89375e-07
3.1375e-07
2.05438e-06
3.28687e-06
1.74375e-06
1.1125e-06
2.30687e-06
3.38e-06
2.44875e-06
-1.01625e-06
-3.40312e-06
-3.64e-06
-3.85375e-06
-3.91375e-06
-2.28875e-06
-7.4875e-07
-1.33625e-06
-1.435e-06
1.0375e-06
4.215e-06
5.00937e-06
3.94125e-06
2.81187e-06
6.91875e-07
-1.08875e-06
-3.65e-07
1.09063e-06
8.68125e-07
-1.33875e-06
-4.02375e-06
-5.0075e-06
-4.63875e-06
-3.59e-06
-1.42438e-06
-3.68125e-07
1.49375e-07
2.73437e-06
4.59562e-06
3.5025e-06
1.965e-06
1.88125e-06
1.85313e-06
1.03438e-06
4.14375e-07
1.9125e-07
-9.61875e-07
-2.88e-06
-2.9675e-06
-1.64813e-06
-4.15e-07
1.5625e-08
-7.95e-07
-1.015e-06
-1.91875e-07
6.96875e-07
1.08375e-06
1.28438e-06
1.7575e-06
1.49813e-06
6.125e-07
9.575e-07
1.99687e-06
1.67562e-06
9.225e-07
1.00188e-06
1.55687e-06
1.85625e-07
-4.13938e-06
-6.1775e-06
-5.00375e-06
-4.25625e-06
-2.43562e-06
-1.8875e-07
4.96875e-07
8.8875e-07
7.50625e-07
1.60625e-07
1.95e-07
2.69375e-07
-4.3875e-07
5e-08
2.00688e-06
2.475e-06
1.67125e-06
6.025e-07
-8.3625e-07
-2.36313e-06
-2.84812e-06
-6.54375e-07
2.20312e-06
1.57937e-06
-9.88125e-07
-2.12e-06
-1.55937e-06
5.775e-07
2.14375e-06
2.37e-06
1.24e-06
3.1625e-07
1.23938e-06
1.00375e-06
4.09375e-07
3.45625e-07
-6.7e-07
-1.99312e-06
-1.56687e-06
3.725e-07
4.19375e-07
-3.4e-07
-1.6875e-08
9.1e-07
1.47e-06
1.02188e-06
4.8125e-07
-8.03125e-07
-2.2425e-06
-2.66813e-06
-3.155e-06
-3.07937e-06
-1.01625e-06
2.09875e-06
4.10812e-06
4.17875e-06
3.81125e-06
3.61125e-06
2.14312e-06
-1.48125e-07
-1.62375e-06
-1.81813e-06
-1.52375e-06
-2.20438e-06
-3.70313e-06
-3.545e-06
-1.43375e-06
2.775e-07
1.045e-06
5.78125e-07
-3.125e-09
8.9875e-07
2.03312e-06
2.44188e-06
2.03438e-06
1.12625e-06
-8.51875e-07
-1.96875e-06
-6.19375e-07
-5.425e-07
-6.125e-07
3.81875e-07
-3.45625e-07
-1.28063e-06
-1.42e-06
-1.14063e-06
-1.15812e-06
-2.42e-06
-2.69688e-06
-1.34375e-06
-3.01875e-07
6.5e-08
8.01875e-07
2.58187e-06
4.99938e-06
7.28937e-06
7.96875e-06
5.16875e-06
4.4125e-07
-2.65625e-06
-4.81125e-06
-6.64563e-06
-6.70875e-06
-5.65875e-06
-3.89812e-06
-1.99e-06
-8.03125e-07
-1.14188e-06
-1.66813e-06
-7.175e-07
-2.63125e-07
7.10625e-07
2.27625e-06
3.85562e-06
6.40375e-06
7.31438e-06
6.43063e-06
3.82062e-06
1.00812e-06
-7.76875e-07
-3.00813e-06
-3.18812e-06
-2.77563e-06
-3.5025e-06
-3.77312e-06
-3.20063e-06
-1.18e-06
3.74375e-07
1.0475e-06
1.58687e-06
1.8925e-06
1.94875e-06
8.7375e-07
-3.06875e-07
-1.325e-06
-2.04313e-06
-1.13063e-06
4.10625e-07
1.3625e-06
1.56625e-06
1.77625e-06
1.8825e-06
7.95e-07
-8.13125e-07
-3.25187e-06
-5.34312e-06
-4.90062e-06
-2.53062e-06
1.13437e-06
3.685e-06
3.31063e-06
1.86438e-06
9.41875e-07
2.80625e-07
4.85625e-07
1.81125e-06
2.22125e-06
2.2175e-06
2.22e-06
9.83125e-07
-4.91875e-07
-1.7725e-06
-3.8175e-06
-5.71375e-06
-4.6175e-06
-3.925e-07
3.41e-06
3.62625e-06
1.56562e-06
1.78125e-07
-2.9125e-07
-5.5e-08
-3.76875e-07
-6.375e-08
1.84437e-06
2.0575e-06
1.13313e-06
-1.36875e-07
-1.0925e-06
-5.975e-07
-9.95e-07
-1.915e-06
-2.55125e-06
-2.835e-06
-2.3125e-06
-2.14625e-06
-2.14e-06
-8.0375e-07
2.54125e-06
4.70688e-06
4.33062e-06
3.14562e-06
1.42875e-06
1.04e-06
7.5625e-07
-1.00625e-06
-3.22563e-06
-4.58437e-06
-2.73187e-06
-2.79375e-07
2.33125e-07
2.09375e-07
2.9375e-08
-1.31875e-07
-3.3125e-08
5.15625e-07
1.14687e-06
1.2025e-06
5.51875e-07
-4.4125e-07
-6.55625e-07
-7.5e-08
2.80625e-07
6.55625e-07
1.035e-06
6.83125e-07
-7.875e-08
-6.875e-07
-1.025e-06
-1.24312e-06
-8.7625e-07
-6.0625e-07
-1.48187e-06
-2.02375e-06
-1.5075e-06
-2.31875e-07
8.2625e-07
1.67813e-06
2.89625e-06
3.17375e-06
2.74188e-06
1.27e-06
-5.86875e-07
-8.80625e-07
-2.4625e-07
7.05625e-07
2.1375e-07
-1.37187e-06
-1.5125e-06
-1.16125e-06
-5.75625e-07
-5.2125e-07
-1.24875e-06
-1.16937e-06
-1.435e-06
-1.15812e-06
-8.41875e-07
-9.11875e-07
1.36625e-06
3.17062e-06
2.85813e-06
2.185e-06
1.64e-06
1.44375e-06
1.00188e-06
8.4625e-07
3e-07
-7.0375e-07
-9.54375e-07
-1.77125e-06
-2.77937e-06
-3.21312e-06
-3.705e-06
-3.84688e-06
-3.01875e-06
-1.24813e-06
1.275e-07
4.81875e-07
4.30625e-07
1.05187e-06
2.50688e-06
3.77937e-06
5.08062e-06
4.67e-06
2.865e-06
2.16937e-06
2.83125e-07
-2.87687e-06
-5.115e-06
-5.82688e-06
-5.00437e-06
-3.16313e-06
-2.75625e-07
2.22562e-06
2.805e-06
2.56063e-06
2.415e-06
1.29125e-06
1.285e-06
3.16625e-06
2.42125e-06
-9.1375e-07
-3.34438e-06
-3.53875e-06
-1.88812e-06
2.36875e-07
1.22562e-06
6.54375e-07
2.3125e-07
5.025e-07
5.35e-07
-4.3125e-08
-1.28875e-06
-2.5775e-06
-3.36375e-06
-2.96875e-06
-1.3375e-06
7.725e-07
2.73125e-06
3.735e-06
4.06625e-06
3.81937e-06
2.91812e-06
9.5125e-07
-2.09375e-06
-3.59063e-06
-2.99313e-06
-1.81687e-06
-1.235e-06
-1.83188e-06
-1.6725e-06
-1.38125e-07
1.22375e-06
9.15625e-07
-9.9125e-07
-1.24625e-06
4.84375e-07
1.21125e-06
7.23125e-07
1.3625e-07
1.84375e-07
7.33125e-07
7.21875e-07
3.5125e-07
2.3875e-07
4.825e-07
9.18125e-07
1.645e-06
1.74688e-06
-2.05e-07
-1.41125e-06
-9.3e-07
-3.35e-07
6.61875e-07
7.9125e-07
5.08125e-07
-2.76875e-07
-1.17625e-06
-1.27125e-06
-2.40625e-06
-3.28625e-06
-2.64625e-06
-9.075e-07
-1.125e-08
8.125e-08
1.3925e-06
2.075e-06
3.03125e-06
3.69875e-06
2.0475e-06
1.435e-06
1.31563e-06
-2.3625e-07
-8.55e-07
-6.18125e-07
-1.25625e-06
-2.33438e-06
-2.9475e-06
-2.72875e-06
-2.73812e-06
-2.81125e-06
-6.05625e-07
1.97937e-06
1.93937e-06
9.35625e-07
1.17625e-06
1.495e-06
6.35e-07
-7e-08
-7.28125e-07
-9.275e-07
-1.69375e-07
-1.31875e-07
1.3625e-07
2.84375e-07
-7.4e-07
-1.58313e-06
-2.12125e-06
-1.98125e-06
-1.15875e-06
-4.7875e-07
-2.14375e-07
1.09187e-06
3.84688e-06
5.37438e-06
5.64187e-06
5.52625e-06
3.31375e-06
-2.4375e-07
-2.52063e-06
-3.38875e-06
-2.74625e-06
-1.66437e-06
-1.4925e-06
-1.00375e-06
-9.41875e-07
-1.67687e-06
-2.22812e-06
-3.53312e-06
-4.02437e-06
-1.59062e-06
1.42188e-06
2.87687e-06
2.8e-06
2.0975e-06
2.21063e-06
3.59375e-06
4.29188e-06
2.94313e-06
1.3975e-06
3.875e-08
-1.7675e-06
-3.53562e-06
-4.19937e-06
-3.65125e-06
-3.33437e-06
-3.34125e-06
-3.74313e-06
-3.17312e-06
-6.36875e-07
1.94812e-06
3.57187e-06
3.3225e-06
1.57438e-06
2.18125e-07
9.975e-07
3.115e-06
3.45062e-06
2.77437e-06
2.12062e-06
6.2875e-07
-1.29875e-06
-3.0175e-06
-3.48313e-06
-2.71688e-06
-1.88375e-06
-2.77437e-06
-5.28062e-06
-5.50313e-06
-2.80062e-06
-3.40625e-07
9.71875e-07
2.12813e-06
3.5625e-06
4.1525e-06
3.67312e-06
3.66062e-06
3.5375e-06
2.87875e-06
2.84812e-06
2.09375e-06
1.98125e-07
-7.65e-07
-2.1825e-06
-4.21438e-06
-3.89688e-06
-3.19188e-06
-3.33812e-06
-2.0675e-06
-4.16875e-07
-3.93125e-07
-1.05e-06
-1.8875e-07
1.72562e-06
2.79062e-06
2.90187e-06
2.72062e-06
2.26375e-06
1.62688e-06
1.23312e-06
-2.26875e-07
-2.39562e-06
-2.75625e-06
-2.31813e-06
-2.0825e-06
-1.26625e-06
-4.275e-07
1.2875e-07
5.28125e-07
1.00375e-06
1.085e-06
-7.5e-09
-6.75e-07
-1.4e-07
3.4125e-07
7.79375e-07
1.31937e-06
8.40625e-07
-4.9875e-07
-8.98125e-07
-7.79375e-07
-1.36375e-06
-1.59875e-06
-5.75625e-07
7.10625e-07
7.93125e-07
6.9375e-08
-1.81875e-07
2.06875e-07
8.15e-07
1.42937e-06
1.96812e-06
1.95375e-06
1.12437e-06
-5.95625e-07
-2.17625e-06
-2.1625e-06
-1.63312e-06
-7.125e-07
5.29375e-07
6.6125e-07
1.54e-06
3.0975e-06
2.6925e-06
1.17e-06
5.625e-08
-1.46937e-06
-3.4275e-06
-3.66125e-06
-1.88812e-06
-1.45e-07
-2.5625e-07
-1.46625e-06
-1.93937e-06
-2.00562e-06
-1.29e-06
9.70625e-07
3.13687e-06
4.53437e-06
4.76188e-06
2.91438e-06
1.25687e-06
7.1e-07
1.16875e-07
4.1125e-07
1.26812e-06
6.875e-07
-9.6625e-07
-2.58063e-06
-3.62375e-06
-4.19688e-06
-4.79437e-06
-3.71937e-06
-1.46563e-06
5.0875e-07
1.8375e-06
1.56812e-06
1.74125e-06
2.60938e-06
3.115e-06
2.9625e-06
1.64312e-06
1.78938e-06
2.52875e-06
1.70875e-06
8.74375e-07
-5.45625e-07
-2.69688e-06
-3.84187e-06
-3.45812e-06
-1.98688e-06
-6.425e-07
-3.65625e-07
-9.91875e-07
-1.63688e-06
-7.4625e-07
6.00625e-07
7.9375e-07
1.15e-06
7.01875e-07
-6.99375e-07
-6.1375e-07
8.1e-07
2.53437e-06
3.0225e-06
1.58625e-06
-1.61875e-07
-1.5275e-06
-2.94187e-06
-5.01312e-06
-6.35313e-06
-4.38625e-06
-3.2125e-07
1.98562e-06
1.95187e-06
3.11813e-06
4.96875e-06
4.56687e-06
4.01187e-06
4.25375e-06
2.33562e-06
-1.52437e-06
-3.7725e-06
-4.12062e-06
-3.96938e-06
-4.08625e-06
-4.4925e-06
-3.49438e-06
-1.57687e-06
8.6875e-08
1.87062e-06
4.24188e-06
5.9475e-06
5.46812e-06
4.09125e-06
2.15063e-06
-3.7375e-07
-2.585e-06
-4.27875e-06
-4.13687e-06
-1.69687e-06
1.18062e-06
1.85625e-06
2.25e-08
-1.16625e-06
-1.01313e-06
-4.125e-07
7.5e-08
-5.84375e-07
-6.36875e-07
3.80625e-07
1.93313e-06
2.98625e-06
1.69313e-06
3.9375e-07
3.9375e-08
-1.06563e-06
-3.38125e-06
-4.66688e-06
-3.12375e-06
-1.23e-06
2.13125e-07
1.18062e-06
1.1975e-06
1.34625e-06
9.0625e-07
3.40625e-07
9.59375e-07
1.27625e-06
1.41812e-06
1.56125e-06
1.17062e-06
1.31e-06
1.16563e-06
2.69375e-07
-6.98125e-07
-1.27812e-06
-7.61875e-07
4.44375e-07
8.24375e-07
-7.54375e-07
-2.9175e-06
-3.78625e-06
-3.21e-06
-2.34875e-06
-1.54375e-06
5.5625e-08
1.05625e-06
5.36875e-07
3.4375e-07
5.45e-07
9.1e-07
2.49813e-06
4.1375e-06
4.12188e-06
2.54187e-06
1.18438e-06
-2.5e-09
-1.99625e-06
-2.51062e-06
-1.34875e-06
-3.58125e-07
1.2875e-07
5.44375e-07
8.20625e-07
-1.7375e-07
-1.62875e-06
-2.0475e-06
-8.75e-07
1.15e-06
2.50188e-06
2.53687e-06
4.25625e-07
-2.53937e-06
-4.07937e-06
-4.27625e-06
-3.30937e-06
-1.39875e-06
7.69375e-07
2.70813e-06
3.14125e-06
2.13187e-06
1.50312e-06
1.13375e-06
4.08125e-07
-1.05625e-07
-2.55e-07
4.4625e-07
2.15688e-06
3.6825e-06
3.37187e-06
1.02812e-06
-1.69937e-06
-3.89937e-06
-4.56562e-06
-3.37687e-06
-1.78437e-06
-1.96875e-07
4.05625e-07
-6.2625e-07
-1.765e-06
-2.21313e-06
-2.1275e-06
-1.32125e-06
7.325e-07
2.3475e-06
2.15812e-06
1.52875e-06
9.275e-07
1.2575e-06
2.43812e-06
2.51375e-06
1.5525e-06
1.55e-07
-1.1075e-06
-1.61812e-06
-2.09187e-06
-1.94625e-06
-5.54375e-07
-2.775e-07
-1.1575e-06
-1.3875e-06
-9.18125e-07
4e-08
9.3125e-07
1.80625e-06
2.07625e-06
2.41812e-06
3.27625e-06
3.115e-06
1.95687e-06
-1.9375e-08
-1.12313e-06
-8.3375e-07
-1.4375e-07
-2.5875e-07
-1.85188e-06
-3.25625e-06
-4.56625e-06
-4.32812e-06
-2.12312e-06
-2.8875e-07
8.35625e-07
4.76875e-07
-7.4125e-07
-8.26875e-07
3.2e-07
1.91625e-06
3.27625e-06
3.61e-06
3.24937e-06
2.68062e-06
1.1475e-06
-9.3875e-07
-2.08e-06
-2.44125e-06
-2.27937e-06
-1.605e-06
-1.93062e-06
-2.1525e-06
-1.40125e-06
-9.1125e-07
-1.88125e-07
2.90625e-07
9.4125e-07
2.62063e-06
3.90437e-06
3.78875e-06
2.37562e-06
9.05625e-07
-2.89375e-07
-1.35437e-06
-1.885e-06
-2.48438e-06
-2.37438e-06
-1.54437e-06
-1.53063e-06
-1.80562e-06
-2.12687e-06
-1.99188e-06
-5.575e-07
1.28188e-06
2.88063e-06
3.41813e-06
2.92563e-06
1.84125e-06
1.11875e-07
-7.075e-07
-5.45e-07
5.0375e-07
2.35438e-06
2.65875e-06
7.8125e-07
-1.87875e-06
-2.97063e-06
-2.73563e-06
-2.73125e-06
-1.89812e-06
-1.25188e-06
-8.9875e-07
-4.21875e-07
-8.4875e-07
-3.08125e-07
2.5125e-07
1.04375e-07
1.00687e-06
2.08813e-06
3.14688e-06
3.67187e-06
3.40688e-06
2.4775e-06
6.89375e-07
-7.36875e-07
-1.32375e-06
-1.1675e-06
-1.33875e-06
-2.285e-06
-2.70125e-06
-2.16062e-06
-1.44937e-06
-1.31313e-06
-1.025e-06
-4.325e-07
1.96875e-07
1.34937e-06
2.1775e-06
2.5125e-06
2.69625e-06
1.89563e-06
1.4375e-06
2.13875e-06
2.16e-06
9.075e-07
-1.35437e-06
-3.40063e-06
-4.19437e-06
-4.05187e-06
-2.63438e-06
-1.38375e-06
-1.84e-06
-2.29062e-06
-1.36187e-06
4.35625e-07
1.63187e-06
1.99563e-06
2.175e-06
1.72937e-06
2.035e-06
3.6475e-06
4.2675e-06
3.4825e-06
2.16125e-06
3.05625e-07
-2.02812e-06
-3.5225e-06
-4.265e-06
-4.85375e-06
-3.65e-06
-2.16687e-06
-2.255e-06
-2.50562e-06
-2.31375e-06
-1.2e-06
9.68125e-07
3.31187e-06
5.04375e-06
5.25312e-06
3.8e-06
2.6775e-06
2.98375e-06
3.51125e-06
2.80375e-06
5.61875e-07
-1.61187e-06
-2.80562e-06
-3.14187e-06
-3.15687e-06
-2.985e-06
-2.7775e-06
-3.16313e-06
-2.9525e-06
-2.21313e-06
-1.915e-06
-1.03812e-06
1.0375e-06
2.97875e-06
3.42688e-06
2.98188e-06
2.32625e-06
1.49125e-06
6.6375e-07
-7.2875e-07
-2.44188e-06
-2.9625e-06
-2.85562e-06
-3.05625e-06
-3.19312e-06
-2.8275e-06
-1.025e-06
1.6e-06
3.02062e-06
2.84187e-06
2.03438e-06
1.25312e-06
8.38125e-07
3.54375e-07
-3.9125e-07
-1.975e-07
5.475e-07
1.35813e-06
2.545e-06
2.4575e-06
8.86875e-07
-5.39375e-07
-1.28687e-06
-1.19e-06
-1.345e-06
-2.5e-06
-2.63812e-06
-1.45e-06
-7.85e-07
-6.75e-07
-4.09375e-07
3.3e-07
1.10188e-06
1.29562e-06
1.59687e-06
2.5725e-06
3.30937e-06
2.62125e-06
1.71625e-06
1.71812e-06
7.68125e-07
-1.04875e-06
-1.7225e-06
-1.54562e-06
-1.37e-06
-9.46875e-07
-8.98125e-07
-1.93563e-06
-2.63812e-06
-2.36687e-06
-1.23437e-06
-6.6875e-08
-1.4875e-07
-2.5e-09
6.5375e-07
1.38625e-06
2.25188e-06
2.32313e-06
1.99563e-06
1.78813e-06
1.88563e-06
7.96875e-07
-1.365e-06
-2.61812e-06
-3.21688e-06
-2.85687e-06
-2.72375e-06
-2.4825e-06
-1.165e-06
-7.78125e-07
-3.41875e-07
1.26875e-07
-4.0375e-07
-4.68125e-07
4.725e-07
1.53875e-06
1.84437e-06
2.665e-06
3.555e-06
2.5425e-06
1.25562e-06
7.75e-07
-2e-07
-1.76688e-06
-2.44188e-06
-2.055e-06
-2.10687e-06
-2.375e-06
-2.09e-06
-1.83938e-06
-8.9625e-07
6.55e-07
1.5825e-06
2.40437e-06
3.20375e-06
3.46187e-06
2.565e-06
1.36875e-06
9.8625e-07
3.39375e-07
-6.93125e-07
-2.00125e-06
-3.08438e-06
-2.8875e-06
-2.03625e-06
-8.7375e-07
3.625e-07
7.925e-07
8.23125e-07
1.00375e-06
5.61875e-07
-2.84375e-07
-1.275e-07
5.1875e-07
3.55e-07
7.3375e-07
2.16813e-06
2.26562e-06
9.6625e-07
1.36875e-07
3.325e-07
9.575e-07
-2e-08
-2.25188e-06
-2.63438e-06
-1.55875e-06
-9.19375e-07
-1.355e-06
-2.20125e-06
-2.13063e-06
-1.96875e-06
-1.26125e-06
9.05e-07
2.90125e-06
3.7175e-06
3.1275e-06
1.41063e-06
2.08125e-07
-1.98125e-07
-1.75e-06
-2.6275e-06
-7.01875e-07
8.34375e-07
9.2125e-07
5.41875e-07
-5.31875e-07
-1.53125e-06
-1.51813e-06
-6.875e-07
-4.69375e-07
-9.69375e-07
-1.02438e-06
-1.6625e-07
8.61875e-07
9.075e-07
3.74375e-07
8.5625e-08
1.275e-07
3.7625e-07
1.5375e-07
-2.33125e-07
7.15625e-07
1.43438e-06
1.22125e-06
1.27937e-06
1.925e-07
-1.26625e-06
-1.7625e-06
-1.29188e-06
5.55e-07
1.24813e-06
-4.35625e-07
-1.65625e-06
-1.62625e-06
-1.48438e-06
-9.49375e-07
-6.23125e-07
-3.95625e-07
9.04375e-07
1.64625e-06
1.23875e-06
5.775e-07
1e-08
8.5875e-07
1.65375e-06
4.5125e-07
-6.3625e-07
-7.925e-07
-9.00625e-07
-8.5875e-07
-1.17375e-06
-1.72625e-06
-1.03313e-06
8.55625e-07
1.60313e-06
6.13125e-07
-8.9125e-07
-1.83312e-06
-8.21875e-07
4.05625e-07
1.73125e-07
2.49375e-07
7.1375e-07
9.1875e-07
8.6e-07
2.04375e-07
-7.325e-07
-1.60375e-06
-1.64375e-06
-8.2875e-07
4.475e-07
2.53687e-06
3.06688e-06
1.39063e-06
5.8125e-08
-4.30625e-07
4.3125e-08
-1.25e-07
-8.25e-07
-1.49375e-07
-1.04375e-07
-7.05e-07
-7.51875e-07
-7.1625e-07
-8.425e-07
-1.54312e-06
-9e-07
8.2625e-07
1.62688e-06
2.17375e-06
1.46812e-06
3.2625e-07
-1.65625e-07
-9.15625e-07
-5.94375e-07
1.0125e-07
4.49375e-07
7.35625e-07
1.00687e-06
1.71438e-06
8.60625e-07
-7.9625e-07
-1.54188e-06
-2.06313e-06
-1.8275e-06
-7.675e-07
5.75e-08
-1.7125e-07
1.8625e-07
1.1325e-06
9.83125e-07
6.76875e-07
2.15625e-07
-1.03125e-07
-1.75e-08
-4.575e-07
-7.76875e-07
-7.40625e-07
-1.2425e-06
-1.61375e-06
-9.21875e-07
-4.375e-08
4.75e-07
8.2875e-07
1.025e-06
9.15625e-07
1.09375e-06
1.37688e-06
3.825e-07
-1.1375e-06
-1.9425e-06
-1.35563e-06
-1.15e-07
5.64375e-07
5.48125e-07
-5.575e-07
-1.04312e-06
-6.60625e-07
-4.76875e-07
1.90625e-07
7.15625e-07
1.15313e-06
1.60625e-06
2.19875e-06
2.80375e-06
2.135e-06
1.39437e-06
8.5125e-07
-5.34375e-07
-1.99188e-06
-2.94937e-06
-3.26188e-06
-2.68e-06
-1.43188e-06
-3.89375e-07
2.5e-07
5.80625e-07
7.44375e-07
8.81875e-07
2.8875e-07
-5.79375e-07
-5.48125e-07
1.3125e-08
-3.26875e-07
-6.925e-07
-1.05e-07
-2.7875e-07
-6.4375e-07
-4.51875e-07
-1.43125e-07
4.00625e-07
7.85625e-07
1.665e-06
2.29937e-06
1.62312e-06
9.41875e-07
5.78125e-07
-4.48125e-07
-1.5475e-06
-1.27687e-06
-2.86875e-07
-6.875e-08
-8.7625e-07
-1.62813e-06
-1.43937e-06
-1.59875e-06
-2.25813e-06
-1.79688e-06
-5.54375e-07
6.43125e-07
1.59687e-06
2.57375e-06
3.51625e-06
3.68938e-06
3.2975e-06
2.19937e-06
4.14375e-07
-1.0525e-06
-1.34062e-06
-1.03625e-06
-1.51187e-06
-2.83875e-06
-4.17938e-06
-4.22312e-06
-2.70813e-06
-6.0625e-07
8.4625e-07
1.28188e-06
1.6225e-06
2.62313e-06
3.60812e-06
3.10438e-06
2.015e-06
7.09375e-07
-1.06125e-06
-1.47688e-06
-9.5e-07
-1.26375e-06
-1.98e-06
-1.69188e-06
-1.30875e-06
-1.52562e-06
-9.44375e-07
-4.83125e-07
-5.01875e-07
-2.2375e-07
-2.3125e-07
8.75e-08
1.01188e-06
2.19687e-06
3.02687e-06
3.3825e-06
3.95313e-06
3.165e-06
7.39375e-07
-1.40687e-06
-2.16625e-06
-1.6425e-06
-1.77937e-06
-2.75063e-06
-2.84e-06
-1.78375e-06
2.55625e-07
2.275e-06
2.71562e-06
2.24562e-06
1.47563e-06
1.73125e-07
-4.675e-07
-6.58125e-07
-8.04375e-07
-5.06875e-07
-6.05625e-07
-8.40625e-07
-1.15812e-06
-2.11625e-06
-2.51313e-06
-1.7925e-06
-9.15625e-07
-2.05625e-07
9.325e-07
2.17e-06
2.645e-06
2.49437e-06
1.62062e-06
3.975e-07
-3.15e-07
-6.1e-07
-1.38125e-07
8.15625e-07
7.00625e-07
-2.4e-07
-1.09312e-06
-2.01875e-06
-2.75625e-06
-2.87687e-06
-2.49187e-06
-1.77187e-06
-4.81875e-07
8.11875e-07
1.36312e-06
1.55188e-06
2.00313e-06
2.41938e-06
1.93187e-06
1.50125e-06
1.35688e-06
7.16875e-07
8.6875e-08
8.8125e-08
7.74375e-07
3.15625e-07
-1.27562e-06
-2.06e-06
-1.9275e-06
-1.54437e-06
-1.5125e-06
-1.47e-06
-1.19625e-06
-2.80625e-07
9.60625e-07
1.17438e-06
1.05187e-06
8.7125e-07
4.98125e-07
6.26875e-07
9.41875e-07
6.6125e-07
1.1625e-07
-2.33125e-07
-9.63125e-07
-1.41125e-06
-1.27625e-06
-9.36875e-07
-6.1e-07
-1.05563e-06
-1.7875e-06
-2.49e-06
-2.67e-06
-1.5675e-06
3.01875e-07
