# stat 417 comp     0 type vel samp 8.000000 ndat 2695 s_x 12.600500 s_y 50.530499 s_z 0.528000 e_x 0.000000 e_y 0.000000 e_z 0.000000 start 2000-09-08 18:35:52.296001
2.9375e-08
1.5625e-07
2.9875e-07
8.75e-08
-2.625e-07
-3.5125e-07
-3.05e-07
3.75e-09
-1.875e-09
-1.4e-07
-7.875e-08
-2.44375e-07
-1.0375e-07
-2.625e-08
-1.375e-07
-3.3125e-08
8e-08
2.65e-07
1.56875e-07
7.875e-08
-3.125e-09
7.3125e-08
3.0375e-07
-1.04375e-07
-1.35e-07
-1.84375e-07
-3.00625e-07
5.4375e-08
-2.4e-07
-3.8125e-07
-3.375e-07
-3.88125e-07
-5.375e-08
4.75e-08
2.1e-07
3.2625e-07
2.64375e-07
3.30625e-07
1.16875e-07
-6.875e-09
-5.0625e-08
-1.475e-07
2.8125e-08
-1.7375e-07
-3.9e-07
-2.925e-07
-2.71875e-07
6.8125e-08
7.9375e-08
-1.6625e-07
-1.01875e-07
-1.16875e-07
1.0875e-07
2.54375e-07
1.08125e-07
9.25e-08
8.8125e-08
5.375e-08
-6.125e-08
-5.5e-08
-5e-09
-1.1875e-07
-7.3125e-08
-1.2375e-07
-2.7e-07
-1.8e-07
-1.16875e-07
-5.5e-08
-7.625e-08
-1.68125e-07
-9.5e-08
6.375e-08
1.9125e-07
5.375e-08
1.6875e-08
7.0625e-08
8.3125e-08
2.65e-07
9.1875e-08
-8.0625e-08
-2.05e-07
-4.50625e-07
-3.6e-07
-3.2625e-07
-1.90625e-07
1.5625e-08
4.6875e-08
8.625e-08
-1.46875e-07
-2.14375e-07
2.3125e-08
2.00625e-07
3.64375e-07
1.4875e-07
-1.78125e-07
-2.925e-07
-2.8e-07
3.3125e-08
3.8125e-08
-1.05625e-07
-2.4375e-08
-1.2625e-07
-7.5625e-08
-1.19375e-07
-1.54375e-07
9.8125e-08
4.5625e-08
8.8125e-08
1.875e-09
-2.35625e-07
-1.63125e-07
-1.725e-07
8.5625e-08
1.25e-07
-1.8375e-07
-1.44375e-07
-1.05625e-07
9.625e-08
1.3e-07
-9.0625e-08
-1.875e-08
-1.0625e-08
-3.6875e-08
-1.00625e-07
-1.9875e-07
-1.1625e-07
-6.875e-08
1.875e-08
6.875e-08
-2e-08
1.75e-08
6.0625e-08
-6.875e-09
-4.1875e-08
-1.325e-07
-2.4375e-07
-7.1875e-08
4.875e-08
-5.6875e-08
-3.5e-08
-7.8125e-08
-7.375e-08
6.25e-08
2.375e-08
6.375e-08
3.25e-08
-1.475e-07
-9.9375e-08
-2.3625e-07
-2.3375e-07
3.8125e-08
-1.075e-07
-6.8125e-08
-7.25e-08
-1.475e-07
1.48125e-07
1.41875e-07
1.4375e-07
3.625e-08
-1.00625e-07
-6.875e-09
-1.91875e-07
-1.45625e-07
-1.74375e-07
-3.11875e-07
-1.475e-07
-1.74375e-07
-1.4125e-07
-8.1875e-08
-8.125e-08
1.3125e-07
2.35e-07
1.0625e-07
3.8125e-08
-1e-08
1.125e-08
1.18125e-07
-6e-08
-1.09375e-07
-1.40625e-07
-2.975e-07
-1e-07
-5.375e-08
-9.375e-09
2.5e-08
-1.95e-07
-2e-08
5.5e-08
-1.75e-08
6.75e-08
-2.01875e-07
-1.325e-07
1.275e-07
7.5e-09
1.44375e-07
7.0625e-08
-8.75e-09
6.875e-08
-2.2e-07
-1.79375e-07
-2.425e-07
-2.99375e-07
7.75e-08
4.6875e-08
-4.375e-09
-1.725e-07
-4.575e-07
-9.625e-08
1.95625e-07
1.36875e-07
2.6875e-08
-1.58125e-07
3.6875e-08
3.24375e-07
1.8e-07
-1.15e-07
-4.175e-07
-4.39375e-07
-1.775e-07
-7.625e-08
-9.375e-09
0
-3.125e-09
4.875e-08
-4.5625e-08
-1.4375e-08
-4.0625e-08
-1.875e-09
3.29375e-07
1.8e-07
-1.425e-07
-2.7125e-07
-3.41875e-07
-5.3125e-08
8.75e-09
-1.5875e-07
-9.5625e-08
-1.10625e-07
8.125e-09
9.4375e-08
-3.3125e-08
9.0625e-08
1.49375e-07
2.625e-08
-9.9375e-08
-3.39375e-07
-2.59375e-07
-2.5625e-08
3.75e-08
6.25e-08
-8.6875e-08
3.5625e-08
1.09375e-07
-4.5625e-08
3.25e-08
-1.3375e-07
-9.4375e-08
7.1875e-08
1.75e-08
3.575e-07
1.91563e-06
4.71063e-06
4.9075e-06
1.3825e-06
-1.845e-06
-2.76625e-06
2.6625e-07
3.16625e-06
-7.6625e-07
-4.37375e-06
-4.87312e-06
-5.56688e-06
-6.34375e-07
1.49938e-06
-5.42313e-06
-7.76312e-06
-1.93813e-06
7.40187e-06
1.01294e-05
1.78187e-06
-2.89312e-06
-4.08187e-06
-4.07562e-06
3.82938e-06
6.85687e-06
5.54375e-07
-4.40812e-06
-5.27125e-06
-2.04875e-06
3.55375e-06
2.835e-06
-3.6275e-06
-2.25188e-06
6.55625e-07
-1.91937e-06
1.42812e-06
4.09812e-06
-2.34375e-07
-1.01563e-06
-9.40625e-07
-1.19937e-06
2.81062e-06
3.95187e-06
-1.58125e-07
-1.76875e-06
1.12125e-06
9.375e-07
-2.08e-06
-2.21813e-06
-7.06875e-07
1.29875e-06
2.0275e-06
5.575e-07
-1.0375e-07
5.2625e-07
1e-07
1.3425e-06
2.70563e-06
-1.42188e-06
-2.91812e-06
7.96875e-07
1.495e-06
1.2075e-06
4.28125e-07
-3.98437e-06
-3.835e-06
8.025e-07
5.85e-07
6.50625e-07
2.08563e-06
-5.74375e-07
-1.61312e-06
1.53188e-06
3.07187e-06
2.99375e-07
-1.5425e-06
8.025e-07
7.7875e-07
-2.10375e-06
-2.13437e-06
-1.2e-06
-9.225e-07
-1.10375e-06
-2.07438e-06
-1.23813e-06
8.65625e-07
2.04313e-06
2.38125e-06
1.30812e-06
-8.1625e-07
-1.89187e-06
-4.50625e-07
1.80437e-06
2.01e-06
1.39625e-06
-7.375e-08
-2.34687e-06
-2.54187e-06
-7.8375e-07
1.76438e-06
2.49375e-06
1.45062e-06
-8.7125e-07
-3.51125e-06
-1.3575e-06
1.16438e-06
-2e-07
2.55e-07
5.89375e-07
-2.95063e-06
-2.34375e-06
2.60375e-06
4.30687e-06
3.20625e-06
1.8875e-07
-2.80625e-06
-3.60687e-06
-1.54375e-06
-1e-07
-1.91375e-06
-1.78688e-06
-1.21125e-06
-1.2e-06
1.3625e-06
2.56e-06
1.24125e-06
5.6625e-07
5.94375e-07
9.0375e-07
1.92562e-06
3.56125e-06
2.69e-06
-1.12e-06
-3.6875e-06
-4.72188e-06
-2.69375e-06
1.9875e-07
-5.9375e-08
3.5375e-07
3.825e-07
-7.9875e-07
5.05e-07
1.17812e-06
1.27375e-06
3.64688e-06
1.23687e-06
-2.25062e-06
1.50187e-06
2.74188e-06
-8.50625e-07
-3.51812e-06
-4.39062e-06
-1.46563e-06
1.39938e-06
1.4725e-06
4.3375e-07
-1.9925e-06
-1.98938e-06
-5.76875e-07
-1.43625e-06
2.9e-07
1.92688e-06
1.05875e-06
1.95187e-06
-3.25625e-07
-3.00312e-06
-1.40625e-07
1.64688e-06
1.26188e-06
1.06312e-06
-4.6625e-07
-1.53687e-06
-1.46187e-06
-1.99062e-06
9.5625e-08
3.30062e-06
1.58188e-06
-1.725e-07
-3.175e-07
-2.40125e-06
-2.13125e-06
-2.01875e-07
-1.9625e-07
4.50625e-07
2.2975e-06
2.16813e-06
1.14375e-07
-3.375e-08
-5.9375e-08
-1.4e-06
4.3125e-08
1.56875e-06
3.88125e-07
4.625e-07
4.70625e-07
-8.5875e-07
-9.44375e-07
-1.23375e-06
-9.91875e-07
-5.83125e-07
-1.43125e-06
-9.01875e-07
7.18125e-07
8.4e-07
2.76875e-07
1.92562e-06
5.675e-07
-3.4425e-06
-1.82312e-06
5.4e-07
5.675e-07
9.94375e-07
-3.1125e-07
-1.8075e-06
-9.71875e-07
3.23125e-07
1.1525e-06
1.20938e-06
-3.875e-08
-4.14375e-07
3.45625e-07
7.0625e-08
2.6125e-07
1.87e-06
9.825e-07
-1.98e-06
-3.19062e-06
-2.07812e-06
1.67187e-06
3.1075e-06
2.175e-07
-4.225e-07
5.075e-07
3.8125e-07
1.01313e-06
4.2125e-07
-1.74875e-06
-1.41188e-06
5.3125e-08
-4.775e-07
-1.23063e-06
-9.575e-07
-3.24375e-07
-3.74375e-07
-9.15e-07
-2.40625e-07
1.39e-06
2.57625e-06
3.19125e-06
1.26313e-06
-2.74438e-06
-3.46063e-06
-6.78125e-07
1.71188e-06
5.675e-07
-2.48e-06
-1.5925e-06
8.0625e-07
9.16875e-07
1.8175e-06
2.14375e-06
-3.2125e-07
-2.21313e-06
-1.83437e-06
-8.7375e-07
-4.55e-07
1.15e-07
4.2375e-07
5.6875e-07
4.95625e-07
-6.06875e-07
-8.875e-08
1.54312e-06
9.725e-07
-4.50625e-07
-7.75e-07
-3.68125e-07
8.58125e-07
1.46812e-06
-9.5e-07
-2.45437e-06
4.93125e-07
2.37562e-06
8.6125e-07
-8.69375e-07
-2.5725e-06
-2.02875e-06
3.28125e-07
8.425e-07
1.07125e-06
2.38125e-07
-1.89563e-06
-1.25e-06
1.9375e-06
3.65437e-06
1.77187e-06
-6.30625e-07
-1.01375e-06
-1.00812e-06
-5.5625e-07
-9.21875e-07
-2.67875e-06
-1.22688e-06
1.38312e-06
-2.33125e-07
-3.59313e-06
-3.35687e-06
2.08125e-07
3.33812e-06
3.91562e-06
1.03313e-06
4.7625e-07
1.48625e-06
-1.21625e-06
-8.91875e-07
1.33688e-06
7.625e-07
1.75e-07
-1.085e-06
-1.8225e-06
-7.375e-08
1.17187e-06
1.83437e-06
1.4125e-06
-2.655e-06
-2.73563e-06
1.76187e-06
9.86875e-07
-6.225e-07
4.575e-07
-3.65625e-07
-4.3375e-07
1.46875e-07
-1.52375e-06
-1.1475e-06
1.1025e-06
7.15625e-07
-5.975e-07
-8.825e-07
-1.21312e-06
-1.405e-06
1.71875e-07
1.20875e-06
2e-07
-7.2375e-07
-2.02063e-06
-2.5875e-06
-6.45625e-07
2.11438e-06
1.48187e-06
-6.60625e-07
8.0375e-07
6.83125e-07
-2.01438e-06
-6.76875e-07
2.04063e-06
1.6825e-06
-1.5125e-07
-1.5275e-06
-9.3375e-07
-3.2625e-07
-1.19625e-06
-8.54375e-07
3.6125e-07
1.13063e-06
1.46812e-06
2.13437e-06
1.8275e-06
1.6125e-07
2.225e-07
1.05e-07
-6.58125e-07
-7.15e-07
-1.7475e-06
-1.93813e-06
-1.01812e-06
-5.95625e-07
-4.5625e-08
5.19375e-07
1.01438e-06
1.26938e-06
1.08813e-06
-5.4375e-08
-1.05125e-06
2.86875e-07
1.23187e-06
-5.3125e-08
-1.2725e-06
-1.55625e-06
-1.47875e-06
-5.09375e-07
1.03875e-06
3.19375e-07
-9.025e-07
-7.475e-07
-2.7e-07
1.68125e-06
1.87375e-06
4.2375e-07
5.125e-08
-2.21687e-06
-2.5125e-06
1.1575e-06
1.48563e-06
-6.00625e-07
-5.85625e-07
-1.70812e-06
-2.41625e-06
1.04125e-06
3.03375e-06
1.74375e-06
6.25e-07
-4.0625e-08
6.125e-08
5.00625e-07
2e-08
-6.71875e-07
1.125e-08
-5.5e-07
-1.50062e-06
1.08938e-06
6.96875e-07
-2.01813e-06
-1.13875e-06
-4.03125e-07
1.24187e-06
2.80562e-06
1.445e-06
9.56875e-07
7.875e-08
-2.01e-06
-1.46875e-06
4.06875e-07
2.775e-07
-2.80625e-07
-2.51875e-07
-9.49375e-07
-1.34688e-06
-6.4375e-07
1.58875e-06
2.13063e-06
-1.07187e-06
-2.16188e-06
-1.03688e-06
-7.575e-07
-3.18125e-07
4.1875e-07
7.4375e-07
1.24312e-06
2.2075e-06
2.90625e-07
-1.71063e-06
2.43125e-07
1.48312e-06
8.3375e-07
1.13812e-06
1.16563e-06
-2.6625e-07
-1.53437e-06
-2.14312e-06
-2.6975e-06
-2.40375e-06
2.9125e-07
2.46188e-06
9.0375e-07
-1.13812e-06
-7.7e-07
7.8125e-08
-6.95625e-07
-1.16e-06
-5.35e-07
1.125e-08
1.6575e-06
2.56562e-06
7.14375e-07
-5.1875e-08
-2.5e-09
-1.14188e-06
-8.225e-07
-1.17563e-06
-2.76312e-06
-2.3775e-06
-2.47313e-06
-1.36437e-06
2.19563e-06
2.63062e-06
2.96937e-06
3.35687e-06
9.375e-09
-8.45625e-07
7.1875e-08
-1.53562e-06
-1.17625e-06
1.91625e-06
2.24625e-06
6.5625e-07
2.23125e-07
-5.9375e-07
-2.73812e-06
-4.865e-06
-2.0675e-06
1.3975e-06
3.4625e-07
1.42937e-06
2.04437e-06
-1.02563e-06
-1.2125e-06
5.76875e-07
5.8875e-07
1.2725e-06
2.015e-06
-6e-08
-1.87937e-06
-1.02937e-06
9.9375e-07
3.53812e-06
4.02e-06
5.075e-07
-4.0625e-06
-6.6325e-06
-3.5225e-06
2.1875e-06
2.49937e-06
7.15625e-07
-1.625e-08
-6.5125e-07
-1.15625e-07
-2.76875e-07
-1.41188e-06
-1.47438e-06
-1.14125e-06
-1.42375e-06
6.80625e-07
3.91875e-07
-2.23062e-06
3.77438e-06
6.53187e-06
3.94375e-07
-2.10375e-06
-3.12375e-06
-1.46875e-06
2.53625e-06
2.62e-06
2.12375e-06
-6.0375e-07
-4.92375e-06
-5.52625e-06
-6.79313e-06
-7.25375e-06
-3.88625e-06
-1.72625e-06
-1.37e-06
-1.595e-06
2.35e-06
1.0715e-05
1.49325e-05
1.4945e-05
1.36044e-05
1.11756e-05
8.22063e-06
4.65812e-06
1.96562e-06
-1.09187e-06
-9.75188e-06
-2.33919e-05
-2.79119e-05
-1.79919e-05
-1.01494e-05
-6.88687e-06
5.03125e-07
5.28813e-06
7.06187e-06
1.02719e-05
9.86e-06
8.89937e-06
1.0115e-05
4.205e-06
-7.685e-06
-1.17125e-05
-2.6025e-06
8.9875e-06
8.835e-06
9.175e-07
-3.87e-06
-3.85437e-06
3.04062e-06
7.31812e-06
9.68125e-07
-7.05187e-06
-1.32669e-05
-1.62144e-05
-1.5525e-05
-1.34931e-05
-9.47062e-06
-2.49813e-06
7.85188e-06
1.95319e-05
3.08519e-05
3.39269e-05
2.43819e-05
1.15719e-05
-6.8125e-08
-9.48813e-06
-1.35856e-05
-1.45631e-05
-1.66806e-05
-2.15806e-05
-2.39081e-05
-1.80681e-05
-8.78563e-06
1.03187e-06
1.10619e-05
1.55469e-05
1.722e-05
1.76744e-05
1.06744e-05
3.56188e-06
2.0975e-06
1.85125e-06
2.71437e-06
2.775e-06
2.6025e-06
1.05125e-06
-5.89125e-06
-9.97375e-06
-1.14212e-05
-1.53938e-05
-1.40031e-05
-8.67313e-06
-4.92312e-06
-5.13125e-07
3.88687e-06
4.20188e-06
1.11437e-06
1.33438e-06
7.69187e-06
1.48244e-05
1.42325e-05
9.995e-06
9.21062e-06
5.65563e-06
-7.99375e-07
-3.95438e-06
-3.03125e-06
-2.69187e-06
-5.95688e-06
-7.16688e-06
-5.79875e-06
-7.28625e-06
-1.01187e-05
-9.43938e-06
-7.32812e-06
-6.29812e-06
-1.38063e-06
6.93687e-06
1.11494e-05
1.3095e-05
1.7805e-05
1.74369e-05
1.07719e-05
3.90437e-06
-3.37062e-06
-6.29812e-06
-8.26437e-06
-1.32119e-05
-1.60919e-05
-1.63131e-05
-1.21156e-05
-6.57313e-06
-2.70813e-06
1.19375e-07
1.78875e-06
3.88187e-06
3.51875e-06
1.19937e-06
1.48125e-07
2.4125e-06
9.315e-06
1.47225e-05
1.45163e-05
1.09212e-05
4.67875e-06
-2.10875e-06
-6.11125e-06
-8.20062e-06
-7.42e-06
-7.32875e-06
-1.25338e-05
-1.29919e-05
-7.88937e-06
-3.71437e-06
3.19062e-06
1.03481e-05
1.37406e-05
1.23675e-05
8.72e-06
6.31562e-06
1.91563e-06
-1.75438e-06
-2.49375e-06
-2.9e-06
-2.42188e-06
-3.06875e-07
2.25563e-06
1.68375e-06
1.68e-06
2.04625e-06
-1.99875e-06
-4.1025e-06
-3.4675e-06
-5.59625e-06
-8.0575e-06
-7.92375e-06
-7.67125e-06
-6.09312e-06
-1.50625e-07
7.18438e-06
1.12019e-05
9.75687e-06
7.17437e-06
6.22937e-06
2.88187e-06
-1.38562e-06
-3.34937e-06
-4.58875e-06
-5.85313e-06
-6.595e-06
-4.965e-06
-1.7675e-06
1.86e-06
6.6375e-06
6.6575e-06
9.3e-07
-3.855e-06
-6.6025e-06
-6.84438e-06
-3.69687e-06
7.63125e-07
3.67062e-06
5.69312e-06
8.1475e-06
8.74875e-06
6.815e-06
2.4875e-06
-8.8e-07
-1.21e-06
-5.035e-06
-1.136e-05
-1.167e-05
-9.09e-06
-8.62375e-06
-7.5075e-06
-4.005e-06
2.53e-06
8.7775e-06
1.00094e-05
1.15594e-05
1.36656e-05
7.92062e-06
2.54063e-06
1.66063e-06
-2.08187e-06
-3.27125e-06
-3.48687e-06
-6.27687e-06
-5.3075e-06
-2.99313e-06
-3.125e-09
4.72938e-06
4.495e-06
9.975e-07
-1.97e-06
-4.67e-06
-3.95438e-06
-1.39437e-06
9.51875e-07
3.4375e-07
-5.22875e-06
-7.40375e-06
-3.14875e-06
-3.5375e-07
-5.8e-07
-1.78125e-07
-6.71875e-07
-6.95625e-07
1.22813e-06
1.92312e-06
2.36813e-06
1.84e-06
-9.95e-07
-5.9125e-07
4.07125e-06
5.72938e-06
4.7275e-06
5.6925e-06
4.35563e-06
8.18125e-07
-1.05937e-06
-4.30938e-06
-5.49562e-06
-1.00313e-06
1.09375e-06
-5.35e-07
3.00625e-07
1.52938e-06
3.43125e-07
-2.035e-06
-2.62625e-06
1.66375e-06
5.07375e-06
2.52625e-06
-4.3375e-07
4.0375e-07
1.81938e-06
9.625e-07
-3.6125e-07
-1.14e-06
-1.84812e-06
-2.77437e-06
-4.35875e-06
-5.51438e-06
-4.86438e-06
-1.67938e-06
2.82562e-06
4.77375e-06
1.81125e-06
-1.27125e-06
4.8125e-08
1.5e-06
1.11625e-06
-1.5625e-08
-1.71625e-06
-2.50312e-06
-2.20937e-06
-7.99375e-07
-1.79125e-06
-3.42938e-06
2.93125e-07
2.36813e-06
9.525e-07
1.8175e-06
1.29875e-06
2.29375e-07
1.97875e-06
2.81875e-06
1.435e-06
-4.55e-07
-7.5875e-07
1.08125e-07
6.2375e-07
7.35625e-07
-1.32e-06
-2.38563e-06
-1.99062e-06
-4.43875e-06
-5.97125e-06
-4.12938e-06
-1.83e-06
-1.03438e-06
-6.29375e-07
9.0625e-07
4.79875e-06
8.97375e-06
8.52938e-06
5.68438e-06
2.89188e-06
4.375e-09
-1.94625e-06
-2.23563e-06
-3.18875e-06
-6.75625e-06
-6.13937e-06
-1.79437e-06
-9.44375e-07
-2.70625e-07
1.99375e-06
3.72e-06
4.6825e-06
2.5775e-06
-5.05e-07
-8.09375e-07
-2.2875e-07
-7.3e-07
-1.53063e-06
5.4625e-07
3.00312e-06
2.95938e-06
3.59187e-06
1.41063e-06
-1.81938e-06
-9.88125e-07
6.3125e-08
-1.28313e-06
-4.06563e-06
-3.405e-06
-2.725e-07
-3.13125e-07
-1.7625e-06
-1.41562e-06
8.75e-08
2.47437e-06
3.13375e-06
4.5875e-07
4.775e-07
7.0125e-07
-1.63563e-06
-2.86e-06
-3.16313e-06
-7.4125e-07
7.1625e-07
6.7125e-07
3.01187e-06
2.16687e-06
-1.84313e-06
-4.33813e-06
-4.97437e-06
-2.35938e-06
4.28125e-07
-1.27562e-06
-2.99437e-06
-1.46e-06
-3.91875e-07
1.2025e-06
3.9025e-06
3.23562e-06
2.66813e-06
4.56875e-06
2.5275e-06
-1.8275e-06
-3.2275e-06
-3.09375e-06
-2.15812e-06
-1.3875e-07
-8.1375e-07
-4.25875e-06
-3.31375e-06
1.28125e-06
3.06688e-06
1.19375e-06
-4.9125e-07
3.0625e-07
-6.66875e-07
-1e-06
2.8125e-06
4.25938e-06
1.66437e-06
-3.79375e-07
3.98125e-07
1.0725e-06
-3.1e-07
-1.28e-06
-1.50562e-06
-3.30937e-06
-3.22625e-06
1.17125e-06
3.30312e-06
3.665e-06
3.3475e-06
1.1e-07
-2.1575e-06
-1.54125e-06
1.92625e-06
4.48125e-06
3.46125e-06
2.87937e-06
3.98688e-06
4.26563e-06
1.64813e-06
-3.06188e-06
-5.01188e-06
-2.94125e-06
-1.48813e-06
-2.38062e-06
-2.89688e-06
-8.05625e-07
-1.61937e-06
-5.35188e-06
-3.60812e-06
-5.23125e-07
1.2475e-06
4.75e-06
5.54187e-06
2.71688e-06
1.13313e-06
1.34312e-06
9.26875e-07
1.21938e-06
1.88313e-06
4.85625e-07
-1.01313e-06
-1.37e-06
-4.11e-06
-6.64875e-06
-3.88625e-06
-2.75687e-06
-5.63187e-06
-6.60063e-06
-3.19062e-06
1.94188e-06
2.64125e-06
2.68687e-06
3.80937e-06
1.57313e-06
1.225e-07
9.69375e-07
1.985e-06
1.23187e-06
-1.28562e-06
-1.64875e-06
-3.76875e-07
-5.1875e-08
-1.08e-06
-2.395e-06
-1.86125e-06
7.0875e-07
1.69e-06
-4.3125e-08
-2.74062e-06
-3.75188e-06
-1.6875e-08
2.07125e-06
-4.6625e-07
-1.6875e-07
3.43875e-06
7.12875e-06
8.5375e-06
6.62875e-06
4.44312e-06
2.04063e-06
-2.37938e-06
-5.37438e-06
-2.85188e-06
-5.5125e-07
-4.50125e-06
-7.34375e-06
-4.72625e-06
-2.44375e-06
-5.6375e-07
2.35625e-06
3.35375e-06
2.45313e-06
1.08125e-07
-1.45563e-06
-3.9375e-08
1.32375e-06
2.0275e-06
2.59e-06
3.82e-06
5.24e-06
2.4475e-06
-7.975e-07
-1.36562e-06
-3.62062e-06
-5.5425e-06
-5.22187e-06
-3.85562e-06
-2.63312e-06
-3.76375e-06
-3.24875e-06
1.9125e-07
2.66e-06
4.25625e-06
3.1975e-06
8.36875e-07
1.66312e-06
3.34625e-06
4.31438e-06
4.94813e-06
2.16062e-06
-4.17187e-06
-5.71938e-06
-2.60437e-06
-2.97812e-06
-2.38313e-06
-1.2375e-07
-1.1625e-07
-8.4375e-07
-1.89438e-06
-2.24312e-06
-3.22e-06
-3.575e-07
5.6175e-06
5.22563e-06
2.14312e-06
3.11437e-06
4.53e-06
1.1025e-06
-1.4625e-06
9.20625e-07
2.06375e-06
-1.03125e-06
-4.65375e-06
-5.28625e-06
-4.09375e-06
-2.53937e-06
-2.125e-06
-1.64125e-06
-3.275e-07
7.26875e-07
1.735e-06
9.6625e-07
1.42063e-06
3.57625e-06
2.99875e-06
6.2e-07
-3.13125e-07
1.39375e-07
-7.4625e-07
-1.02125e-06
-4.11875e-07
-6.35e-07
-4.775e-07
-2.28688e-06
-4.245e-06
-3.28e-06
-2.51625e-06
-1.33438e-06
1.0975e-06
2.60437e-06
3.25e-06
2.73563e-06
2.36625e-06
1.75062e-06
-9.36875e-07
-2.61062e-06
-2.295e-06
-3.7125e-07
2.23875e-06
2.05312e-06
-6.81875e-07
-8.14375e-07
1.87313e-06
1.22187e-06
-1.04125e-06
-2.7525e-06
-5.14188e-06
-4.34062e-06
-3.08812e-06
-4.12625e-06
-1.56812e-06
4.27187e-06
7.98938e-06
7.97437e-06
5.08687e-06
1.78688e-06
5.25e-08
-1.33937e-06
-2.14062e-06
-8.15625e-07
-1.81813e-06
-4.09062e-06
-1.45563e-06
1.93687e-06
3.69188e-06
2.95812e-06
-1.54687e-06
-3.0175e-06
-1.57313e-06
-4.95e-07
1.72937e-06
1.43125e-06
-7.23125e-07
-5.99375e-07
-5.7375e-07
1.21875e-07
2.21687e-06
3.84125e-06
5.45625e-06
5.00812e-06
1.71562e-06
-1.14687e-06
-1.1e-06
-1.54562e-06
-3.50563e-06
-2.80688e-06
-2.6025e-06
-3.62562e-06
-3.11437e-06
-4.01375e-06
-4.53812e-06
-1.61062e-06
6.38125e-07
1.64312e-06
3.16812e-06
2.01875e-06
8.84375e-07
1.77437e-06
1.31313e-06
1.83875e-06
1.885e-06
-8.575e-07
-3.935e-06
-5.85625e-06
-4.335e-06
-1.42e-06
-2.96875e-07
-1.725e-06
-2.585e-06
-1.34062e-06
-8.35625e-07
1.50187e-06
2.40062e-06
1.875e-06
4.5675e-06
3.51625e-06
1.18e-06
3.3675e-06
4.35438e-06
2.295e-06
-8.025e-07
-4.8325e-06
-5.94062e-06
-1.40812e-06
1.54938e-06
1.0375e-06
2.0175e-06
9.84375e-07
-1.11312e-06
-1.225e-06
-2.62e-06
-5.54375e-07
1.4425e-06
-2.57e-06
-1.55625e-06
2.91375e-06
4.57937e-06
6.51125e-06
4.18312e-06
-3.34375e-07
-8.15e-07
-1.02875e-06
-1.54375e-06
-1.9725e-06
-3.34375e-06
-2.51563e-06
-8.5e-07
-3.36875e-07
-1.165e-06
-2.11812e-06
-6.58125e-07
5.75e-07
1.6575e-06
1.88313e-06
5.99375e-07
4.33125e-07
-1.11562e-06
-1.38187e-06
8.40625e-07
1.94875e-06
3.19062e-06
9.30625e-07
-2.42687e-06
-1.64938e-06
-1.12812e-06
-1.40625e-06
-2.37625e-06
-2.24438e-06
-4.25625e-07
-7.89375e-07
-2.62187e-06
-4.08625e-06
-2.45938e-06
5.35625e-07
3.03313e-06
5.30312e-06
4.80625e-06
4.01687e-06
2.61562e-06
-3.11875e-07
-1.77e-06
-3.32188e-06
-4.54562e-06
-2.67125e-06
-1.01438e-06
-8.9e-07
1.28438e-06
1.71875e-06
-9.2875e-07
-1.32812e-06
-5.125e-08
2.4625e-07
-2e-07
5.61875e-07
2.26312e-06
2.43625e-06
2.135e-06
2.77375e-06
2.41187e-06
1.2675e-06
3.94375e-07
-6.475e-07
-1.67813e-06
-2.91312e-06
-2.65e-06
-7.5e-09
9.80625e-07
-2.2625e-07
-3.31875e-07
-1.33813e-06
-3.13312e-06
-2.46625e-06
7.0875e-07
4.47125e-06
5.0625e-06
2.2275e-06
-1.1625e-06
-2.03875e-06
-1.59812e-06
-1.8525e-06
-1.08562e-06
3.34375e-07
1.3075e-06
7.51875e-07
1.02188e-06
-1.25e-07
-5.3425e-06
-6.76812e-06
-3.19562e-06
1.89438e-06
5.24938e-06
3.6675e-06
9e-07
-7.6375e-07
-1.2125e-06
3.61875e-07
9.55e-07
-2.31875e-07
2.7375e-07
9.10625e-07
3.8875e-07
1.64e-06
2.72438e-06
1.33563e-06
-1.51938e-06
-3.92125e-06
-4.47313e-06
-3.995e-06
-2.0275e-06
1.2125e-06
2.38062e-06
1.62187e-06
1.54625e-06
4.4e-07
-8.9375e-07
6.875e-09
2.38687e-06
4.31687e-06
3.05875e-06
1.27875e-06
1.30563e-06
7.425e-07
-1.74688e-06
-3.93188e-06
-3.0625e-06
-3.26375e-06
-4.71375e-06
-2.00125e-06
5.8375e-07
-7.0125e-07
-6.95e-07
2.4675e-06
4.77687e-06
4.085e-06
2.6025e-06
1.45e-07
-1.89563e-06
-9.775e-07
-1.79375e-06
-3.445e-06
-3.12187e-06
-2.66813e-06
-1.09437e-06
1.275e-07
1.35563e-06
2.63312e-06
2.42e-06
3.25812e-06
2.66563e-06
-9.26875e-07
-2.91625e-06
-3.49e-06
-4.42813e-06
-3.0425e-06
4.425e-07
3.235e-06
4.04125e-06
3.045e-06
1.2925e-06
-7.94375e-07
-7.39375e-07
3.0875e-07
-9.86875e-07
-3.89937e-06
-4.51062e-06
-7.18125e-07
1.0625e-06
4.7625e-07
1.18375e-06
9.9625e-07
1.82e-06
3.37813e-06
1.46812e-06
-2.49437e-06
-4.70688e-06
-3.64062e-06
4.74375e-07
3.70688e-06
3.07375e-06
1.09187e-06
3.64375e-07
1.90312e-06
2.31937e-06
-8.15625e-07
-9.14375e-07
2.59562e-06
1.52312e-06
-2.29937e-06
-2.46062e-06
-2.6875e-06
-4.095e-06
-1.81312e-06
1.69188e-06
2.85937e-06
1.32187e-06
-1.29562e-06
1.19375e-07
3.62438e-06
1.74937e-06
-1.06563e-06
1.7e-07
3.65625e-07
-1.30937e-06
-1.97813e-06
-4.8875e-07
8.41875e-07
1.08562e-06
1.15563e-06
-4.625e-07
-7.1875e-07
4.625e-08
-1.6825e-06
-2.5975e-06
-1.72188e-06
-3.0125e-07
2.11312e-06
3.01625e-06
2.0075e-06
6.41875e-07
-8.5125e-07
-1.47375e-06
-3.61437e-06
-5.20875e-06
-2.21125e-06
1.1875e-08
2.49375e-07
5.75e-07
3.45e-07
4.6875e-07
1.02937e-06
4.01937e-06
5.23125e-06
4.4375e-07
-2.96375e-06
-3.07813e-06
-2.5625e-06
-2.89062e-06
-3.28813e-06
-1.24875e-06
-5.475e-07
-1.44e-06
-1.32e-06
9.0625e-08
2.19625e-06
2.94375e-06
3.17e-06
2.6575e-06
3.7125e-07
-2.13125e-06
-2.88125e-06
-1.12375e-06
1.22562e-06
2.12875e-06
1.9875e-06
9.01875e-07
7.125e-08
1.695e-06
2.59062e-06
5.56875e-07
-1.26313e-06
-2.12625e-06
-4.20813e-06
-5.4725e-06
-8.975e-07
5.1025e-06
4.8825e-06
1.0325e-06
-1.01438e-06
-6.8375e-07
2.125e-08
5.55e-07
4.41875e-07
6.425e-07
1.47125e-06
-1.00625e-07
-1.3525e-06
-1.38562e-06
-2.5625e-06
-2.16937e-06
-1.93125e-07
2.44937e-06
2.99688e-06
1.53687e-06
9.91875e-07
-2.18312e-06
-2.51313e-06
1.06187e-06
2.45e-07
-9.76875e-07
-7.50625e-07
-1.65187e-06
-1.9e-06
4.8625e-07
3.92875e-06
4.2575e-06
1.2075e-06
-2.09e-06
-3.13e-06
-1.92688e-06
-4.3625e-07
-1.26437e-06
-1.22625e-06
1.21938e-06
3.475e-07
-1.3275e-06
5.13125e-07
1.75875e-06
6.5625e-08
-8.55625e-07
-8.95e-07
-2.12687e-06
-1.43188e-06
5e-09
-1.91687e-06
-2.69063e-06
1.04438e-06
3.515e-06
3.36438e-06
2.10187e-06
-4.3e-07
-1.35938e-06
-1.595e-06
-1.62688e-06
-1.73125e-07
-7.5e-08
-8.43125e-07
5.2875e-07
2.16125e-06
1.34937e-06
2.05e-07
1.065e-06
1.99e-06
4.79375e-07
-2.15063e-06
-1.87563e-06
1.70937e-06
3.56312e-06
6.95625e-07
-2.86187e-06
-2.525e-06
-2.0625e-07
7.925e-07
1.00625e-06
1.44812e-06
2.22188e-06
1.87937e-06
1.89375e-07
-7.9875e-07
-1.33625e-06
-1.45438e-06
-1.70375e-06
-2.61188e-06
-2.705e-06
-1.21375e-06
1.42625e-06
1.8975e-06
-7.575e-07
-1.93563e-06
4e-07
1.81187e-06
5.75e-08
-1.3375e-07
1.53e-06
-9.8125e-08
-1.90312e-06
-1.09875e-06
-2.215e-06
-2.50688e-06
6.05625e-07
2.55062e-06
1.23813e-06
-4.58125e-07
1.39687e-06
2.72813e-06
6.0625e-08
-2.43562e-06
-3.90125e-06
-3.675e-06
-6.925e-07
1.69188e-06
1.62563e-06
1.45062e-06
2.06937e-06
1.18563e-06
1.95625e-07
4.5875e-07
8.375e-08
-4.54375e-07
-8.71875e-07
-1.80437e-06
-1.86e-06
-1.1975e-06
-1.14937e-06
-2.575e-07
2.78125e-07
-7.4125e-07
-1.18625e-06
4.45e-07
2.55875e-06
9.05e-07
-1.09562e-06
-1.56875e-07
9.0125e-07
8.8125e-07
-6.20625e-07
-3.35e-07
8.08125e-07
-1.20125e-06
-2.55625e-06
-5.925e-07
1.06938e-06
6.525e-07
5.61875e-07
1.07437e-06
9.125e-07
-5.61875e-07
-1.61688e-06
-6.31875e-07
1.05813e-06
2.22812e-06
7.925e-07
-5.43125e-07
-2.25e-08
-2.475e-07
1.125e-07
1.27313e-06
2.10813e-06
4.225e-07
-2.11875e-06
-1.71625e-06
-1.935e-06
-2.79813e-06
-9.29375e-07
7.69375e-07
6.86875e-07
1.48625e-06
1.86562e-06
1.04062e-06
8.18125e-07
3.19375e-07
1.7375e-07
6.725e-07
1.61875e-07
-1.31875e-06
-1.64688e-06
-6.98125e-07
-1.22875e-06
-2.20625e-06
-5.85625e-07
8.58125e-07
-8.2e-07
-1.24562e-06
1.18e-06
3.69625e-06
4.28063e-06
1.89187e-06
-6.85625e-07
-2.14375e-06
-1.97e-06
-8.40625e-07
-5.85625e-07
5.75e-08
-1.26687e-06
-3.0075e-06
-1.44563e-06
-2.1875e-07
6.2375e-07
1.61625e-06
1.98688e-06
2.48062e-06
1.83875e-06
9.3e-07
-4.7625e-07
-2.365e-06
-2.25563e-06
-1.07375e-06
-2.325e-07
-9.34375e-07
-1.76125e-06
1.8125e-07
1.86125e-06
8.1125e-07
-5e-07
-4.40625e-07
-4.65e-07
-8.28125e-07
-7.80625e-07
-4.25625e-07
1.31875e-07
1.0375e-06
2.96125e-06
2.94125e-06
6.73125e-07
2.875e-08
-3.44375e-07
-1.81375e-06
-3.19562e-06
-3.92312e-06
-2.8e-06
-3.88125e-07
4.24375e-07
1.9625e-07
1.43188e-06
2.94313e-06
3.3225e-06
2.26312e-06
7.95625e-07
9.925e-07
1.00375e-06
-1.29125e-06
-3.15062e-06
-2.42687e-06
-1.205e-06
-4.08125e-07
-2.51875e-07
-8.75e-08
1.59875e-06
1.54e-06
-6.21875e-07
-4.325e-07
1.275e-06
3.3625e-07
-1.61e-06
-4.69375e-07
1.49062e-06
5.9e-07
-1.14375e-06
-7.00625e-07
-2.90625e-07
-2.48125e-07
7.03125e-07
6.18125e-07
5.1875e-08
-1.3325e-06
-1.90312e-06
1.9375e-08
-5.0625e-07
-1.63938e-06
-1.9e-07
2.35e-07
1.68125e-07
4.74375e-07
5.1125e-07
1.54562e-06
1.58188e-06
8.13125e-07
1.34437e-06
2.13125e-07
-1.44625e-06
-1.17313e-06
-7.53125e-07
-9.9375e-07
-1.545e-06
-8.125e-08
7.325e-07
-5.89375e-07
-4.10625e-07
-5.69375e-07
-4.34375e-07
5.8e-07
6.0875e-07
1.15188e-06
1.62813e-06
1.55625e-06
1.10875e-06
-5.9e-07
-2.53062e-06
-3.23562e-06
-2.05875e-06
-1.09e-06
-1.46937e-06
6.05625e-07
2.83687e-06
1.54e-06
-5.375e-08
-7.425e-07
-1.0475e-06
-6.85625e-07
5.71875e-07
3.3625e-07
-1.68125e-07
1.55313e-06
1.34625e-06
4.41875e-07
7.725e-07
9.95e-07
3.23125e-07
-1.86875e-06
-1.695e-06
-6.20625e-07
-1.27687e-06
-1.57875e-06
-2.33188e-06
-1.44687e-06
1.33312e-06
2.45e-06
2.79e-06
2.37062e-06
5.55e-07
-9.49375e-07
-8.0875e-07
7.45625e-07
1.2975e-06
2.26875e-07
-5.74375e-07
-9.74375e-07
-1.86313e-06
-1.61e-06
-4.84375e-07
-7.525e-07
1.7875e-07
1.47438e-06
8.4875e-07
1.28313e-06
1.45313e-06
-3.8e-07
-1.42812e-06
1.36875e-07
1.47625e-06
5.94375e-07
4.575e-07
-2.11875e-07
-2.29562e-06
-2.03812e-06
-2.175e-07
-1.6375e-07
-1.5825e-06
-1.59812e-06
-4.19375e-07
2.475e-07
1.1675e-06
9.175e-07
-7.65625e-07
-3.475e-07
9.08125e-07
9.55625e-07
5.5375e-07
-4.55625e-07
-9.05625e-07
-8.75e-08
1.40312e-06
7.89375e-07
-1.46438e-06
-7.18125e-07
-3.6875e-08
-1.32438e-06
-1.52813e-06
-1.65e-07
1.78813e-06
1.21688e-06
2.1875e-08
3.7125e-07
-8.5125e-07
-1.61812e-06
-7.75625e-07
-1.4525e-06
-1.13937e-06
1.73062e-06
3.07563e-06
2.7225e-06
1.72e-06
7.375e-07
1.46062e-06
4.925e-07
-2.0825e-06
-2.25813e-06
-1.39938e-06
-9.95e-07
-1.01062e-06
-8.53125e-07
-7.16875e-07
-8.21875e-07
-2.8125e-07
4.1875e-07
1.51375e-06
1.98e-06
1.5575e-06
1.29062e-06
2.2375e-07
-5.30625e-07
2.28125e-07
1.02062e-06
9.38125e-07
5e-07
-1.7625e-07
-6.1125e-07
-1.49938e-06
-3.25e-06
-3.48187e-06
-2.225e-06
-1.125e-07
2.09438e-06
1.96812e-06
1.0875e-07
1.54375e-07
2.32812e-06
2.08125e-06
3.14375e-07
1.05e-07
-2.8625e-07
-1.26e-06
-1.83437e-06
-1.15062e-06
-1.48125e-07
-5.19375e-07
-6.41875e-07
-2.625e-07
-1.11188e-06
-8.71875e-07
1.00438e-06
1.39312e-06
3.23125e-07
-4.76875e-07
3.1e-07
1.08062e-06
9.475e-07
1.37688e-06
1.14562e-06
-3.83125e-07
-1.915e-06
-2.11625e-06
-1.48312e-06
-8.1625e-07
-6.125e-08
-2.31875e-07
-2.225e-07
2.2e-07
-3.25e-07
-1.03313e-06
-1.41875e-06
-9.1625e-07
7.00625e-07
1.80125e-06
9.8e-07
3.88125e-07
1.0225e-06
-5.325e-07
-1.63437e-06
6.0625e-08
-3.625e-08
-8.725e-07
1.0625e-07
6.73125e-07
3.325e-07
4.25e-07
8.7e-07
3.1875e-07
-6.94375e-07
-1.18812e-06
-9.86875e-07
1.0625e-08
1.81875e-07
-3.4375e-07
-7.26875e-07
-6.31875e-07
5.93125e-07
7.95e-07
-2.96875e-07
2.23125e-07
1.72625e-06
1.42313e-06
1.175e-07
-6.6375e-07
-1.14438e-06
-1.03125e-06
-3.61875e-07
7.1875e-07
6.8e-07
-1.25e-06
-1.61625e-06
-1.5125e-07
3.5625e-08
-2.96875e-07
3e-08
-1.14375e-07
-5.625e-08
6.20625e-07
1.26875e-07
-1.94375e-07
2.5375e-07
3.125e-09
2.5625e-07
3.54375e-07
2.8625e-07
3.99375e-07
-4.86875e-07
-5.10625e-07
-1.58125e-07
-5.075e-07
-9.7e-07
-1.55625e-06
-1.80625e-07
1.4525e-06
8.875e-07
7.15625e-07
1.41625e-06
1.4825e-06
6.7e-07
1.85625e-07
9.6375e-07
1.10063e-06
1.7e-07
-6.7625e-07
-1.87625e-06
-2.58125e-06
-1.67938e-06
-9.4375e-08
3.925e-07
2.53125e-07
4.60625e-07
4.1875e-08
2.14375e-07
9.66875e-07
1.08125e-06
1.35563e-06
1.1625e-06
5.4125e-07
1.875e-09
-5.4625e-07
-1.17125e-06
-1.995e-06
-2.18062e-06
-2.235e-06
-1.75312e-06
-1.7375e-07
5.4875e-07
7.5625e-07
9.9875e-07
8.05625e-07
1.205e-06
1.31688e-06
1.43125e-07
-2.5625e-08
8.13125e-07
1.275e-07
-9.3e-07
-1.06813e-06
-6.10625e-07
1.96875e-07
2.16875e-07
-2.0125e-07
-6.09375e-07
-7.40625e-07
-6.35e-07
-5.26875e-07
-2.1625e-07
-1.06437e-06
-1.08625e-06
7.9375e-07
1.05937e-06
-5.625e-09
-2.35625e-07
-4.5625e-08
-3.1625e-07
-7.9375e-08
4.71875e-07
1.5375e-07
1.50625e-07
-7e-08
-1.26938e-06
-1.8125e-06
-1.38125e-06
-4.5625e-07
-5.125e-08
-4.14375e-07
2.0625e-08
8.7e-07
1.18563e-06
9.43125e-07
7.3875e-07
8.6e-07
1.51875e-07
-1.12063e-06
-1.4425e-06
-1.8875e-07
4.7875e-07
3.5625e-08
7.5625e-08
-4.3125e-07
-6.4625e-07
2.59375e-07
1.31812e-06
1.88625e-06
9.8375e-07
-2.95625e-07
-4.05e-07
1.4125e-07
-1.75e-08
-7.85e-07
-1.2775e-06
-1.20813e-06
-4.99375e-07
-6.6875e-08
1.6e-07
6.08125e-07
-3.99375e-07
-1.8275e-06
-5.825e-07
9.1625e-07
5.66875e-07
2.2125e-07
2.9375e-08
9.775e-07
2.37125e-06
1.57375e-06
2.59375e-07
-4.7125e-07
-1.60625e-06
-1.69188e-06
-5.4875e-07
-7.84375e-07
-1.98125e-06
-1.61062e-06
-4.9125e-07
-6.04375e-07
-3.9125e-07
8.06875e-07
1.57188e-06
2.12563e-06
2.14687e-06
1.8875e-06
1.46062e-06
6.4e-07
-4.55e-07
-1.53188e-06
-1.17e-06
-1.05125e-06
-2.04187e-06
-2.06375e-06
-1.42e-06
-7.025e-07
-2.125e-08
9.625e-08
2.9375e-08
1.3e-07
7.76875e-07
1.60937e-06
1.52063e-06
1.06062e-06
7.125e-07
6.7e-07
1.85625e-07
-1.04062e-06
-1.40875e-06
-9.93125e-07
-1.09375e-07
-1.43125e-07
-7.95e-07
-1.875e-09
5.05625e-07
-2.36875e-07
-1.07875e-06
-5.7125e-07
2.90625e-07
1.6875e-07
6.35625e-07
6.33125e-07
2.63125e-07
3.58125e-07
-4.10625e-07
5.0625e-08
1.31313e-06
9.76875e-07
3.4125e-07
-4.6375e-07
-1.26188e-06
-1.18062e-06
-1.19563e-06
-1.56063e-06
-1.43875e-06
-5.45e-07
-1.8375e-07
-8.875e-07
-6.83125e-07
4.38125e-07
9.675e-07
7.59375e-07
8.125e-07
1.175e-06
9.75e-07
9.90625e-07
5.48125e-07
-9.60625e-07
-1.7775e-06
-1.51187e-06
-1.115e-06
-1.06e-06
-6.86875e-07
3.2375e-07
3.60625e-07
-6.11875e-07
-2.4125e-07
9.86875e-07
1.06563e-06
2.26875e-07
-4.46875e-07
-9.35625e-07
-7.75625e-07
5.45e-07
1.11687e-06
2.975e-07
1.0375e-07
6.16875e-07
1.01875e-07
-2.70625e-07
1.6125e-07
2.58125e-07
-2.325e-07
-1.18937e-06
-5.7e-07
-5.75e-07
-2.21813e-06
-1.12437e-06
5.24375e-07
1.275e-06
2.2075e-06
1.78312e-06
1.15e-06
9.41875e-07
1.365e-06
1.24625e-06
-5.9375e-08
-4.25e-08
-4.86875e-07
-1.12687e-06
-3.48125e-07
-9.95625e-07
-2.09312e-06
-1.57687e-06
-8.95e-07
-8.94375e-07
-3.99375e-07
5.5e-07
3.075e-07
-5.15e-07
-3.6e-07
2.10625e-07
5.0375e-07
5.75e-07
3.75e-07
5.44375e-07
3.11875e-07
-8.3125e-08
6.45625e-07
2.0625e-07
-1.04813e-06
-8.64375e-07
-1.375e-07
1.325e-07
-6.3125e-08
-7.4375e-08
-2.0625e-07
-3.5625e-07
3.5375e-07
8.925e-07
3.34375e-07
1.11875e-07
7.375e-07
3.2125e-07
-9.275e-07
-1.355e-06
-5.975e-07
4.6e-07
7.3625e-07
3.21875e-07
5.3125e-08
-4.375e-09
-8.4e-07
-9.975e-07
-2.1875e-08
-2.43125e-07
-5.325e-07
6.4875e-07
1.52813e-06
5.30625e-07
-8.51875e-07
-8.58125e-07
-1.11063e-06
-1.3125e-06
-2.0875e-07
1.49375e-07
4.15e-07
5.675e-07
8.6875e-08
6.1875e-07
1.6125e-07
-7.91875e-07
-6.025e-07
-6.33125e-07
-1.11063e-06
-1.28063e-06
-1.66875e-07
8.4e-07
1.0525e-06
7.75e-07
2.96875e-07
8.725e-07
7.15625e-07
-8.75e-09
5.3875e-07
7.65e-07
1.575e-07
-4.3375e-07
-9.925e-07
-1.50125e-06
-1.35312e-06
-9.10625e-07
-7.1875e-07
4.525e-07
1.21813e-06
2.0125e-07
1.1375e-07
5.59375e-07
-2.4e-07
-8.98125e-07
-1.7625e-07
1.62062e-06
1.7825e-06
6.25e-09
-9.2e-07
-1.33937e-06
-1.48937e-06
-6.375e-07
8.75e-09
1.875e-07
4.6875e-08
-4.76875e-07
-6.79375e-07
-6.03125e-07
-5.05e-07
-3.525e-07
3.175e-07
9.675e-07
8.04375e-07
4.5e-07
-2.5e-07
-3.25625e-07
5.85e-07
1.31875e-07
-1.52063e-06
-1.92125e-06
-6.25e-07
4.44375e-07
8.43125e-07
5.53125e-07
-6.2625e-07
-5.875e-07
1.45e-07
1.525e-07
3.4625e-07
1.375e-08
-7.225e-07
7.125e-08
1.19937e-06
1.22875e-06
1.0475e-06
5.39375e-07
4.40625e-07
6.225e-07
-3.60625e-07
-1.47813e-06
-1.81562e-06
-1.53063e-06
-6.51875e-07
3.875e-08
1.6875e-08
6.79375e-07
1.31625e-06
6.95625e-07
4.00625e-07
2.18125e-07
1.0375e-07
1.85625e-07
-8.1875e-08
-4.33125e-07
-1.05937e-06
-8.6875e-07
-1.59375e-07
-1.20625e-07
-3.93125e-07
-5.9375e-07
2.2125e-07
4.88125e-07
-3.91875e-07
2.0625e-08
4.75e-08
-4.2625e-07
-7.1875e-08
-4.05e-07
-4.11875e-07
-4.6875e-08
5.35625e-07
1.08688e-06
5.8875e-07
7.625e-08
-5.3875e-07
-3.6125e-07
3.875e-08
-2.19375e-07
3.80625e-07
5.19375e-07
-6.525e-07
-1.14812e-06
-1.5625e-07
1.875e-08
-4.64375e-07
